# D. Rochman  TARES version 1.8 , Villigen   , Switzerland
# Time: Fri Oct  9 11:39:51 2026
#                        
# Element                            : In
# Z                                  : 49
# A                                  : 114
# I                                  : 1
# Half-life                   [days ]: 49.5139 
# Data origin                        : TARES
# Formalism                          : Multi-level Breit-Wigner
# Emin (RRR)                     [eV]: 1e-5  
# Emax (RRR)                     [eV]: 3.576447E+01 
# Emax2 (background)             [eV]: 2.036130E+02 
# Number of resonances (<Emax)       : 95
# Number of resonances (<Emax2)      : 100
# Thermal (n,g) xs (systematics) [b.]: 1.272570E+02 
# Ress Int. (n,g) (systematics)  [b.]: 4.196590E+02 
# MACS 30 keV (calculated)       [b.]: 2.607600E+00
# Westcott factor (calculated)       : 1.056380E+00
#
# Thermal (n,el) xs (systema.)   [b.]: 4.816890E+00 
# Res. Int (n,el) (calculated)   [b.]: 2.281570E+01 
#
# Scattering radius              [fm]: 6.44 +/- 0.39 
#
# Average Gtotal   l=0           [eV]: 1.224720E-01 
# Average reduced (Gn^0) Gn l=0  [eV]: 2.637000E-05 
# Average Gg       l=0           [eV]: 1.223700E-01 
# Average level spacing D0 (l=0) [eV]: 8.941110E-01 
# Neutron strength function S0 (l=0) : 1.456490E-05 
#
# Average Gtotal   l=1           [eV]: 1.216310E-01 
# Average reduced (Gn^1) Gn l=1  [eV]: 2.947270E-04 
# Average Gg       l=1           [eV]: 1.216310E-01 
# Average level spacing D1 (l=1) [eV]: 9.934570E-01 
# Neutron strength function S1 (l=1) : 5.242800E-05 
#
#
#
#          
#   Energy (eV)     +/- DE (eV)       l         J          Gn (eV)       +/- DGn (eV)       Gg (eV)      +/- DGg (eV)       Gf1 (eV)     +/- DGf1 (eV)       Gf2 (eV)     +/- DGf2 (eV)    Origin  
#<---------------><---------------><-----><-----------><--------------><--------------><--------------><--------------><--------------><--------------><---------------><--------------><---------->
  -6.750685E+00      1.350000E-03     0       +4.50      5.730379E-05    1.000000E-06    1.252744E-01    5.559800E-02    +0.000000E+00   0.000000E+00    +0.000000E+00   0.000000E+00      hfr  
  -5.864325E+00      1.173000E-03     0       +5.50      7.897503E-07    0.000000E+00    1.193214E-01    5.295600E-02    +0.000000E+00   0.000000E+00    +0.000000E+00   0.000000E+00      hfr  
  -5.502615E+00      1.101000E-03     1       +3.50      2.535350E-10    0.000000E+00    1.311296E-01    5.819600E-02    +0.000000E+00   0.000000E+00    +0.000000E+00   0.000000E+00      hfr  
  -4.458601E+00      8.920000E-04     1       +6.50      5.096569E-09    0.000000E+00    1.130191E-01    5.015900E-02    +0.000000E+00   0.000000E+00    +0.000000E+00   0.000000E+00      hfr  
  -4.152403E+00      8.300000E-04     1       +5.50      1.613289E-09    0.000000E+00    1.196174E-01    5.308700E-02    +0.000000E+00   0.000000E+00    +0.000000E+00   0.000000E+00      hfr  
  -4.082308E+00      8.160000E-04     1       +6.50      1.256098E-09    0.000000E+00    1.130191E-01    5.015900E-02    +0.000000E+00   0.000000E+00    +0.000000E+00   0.000000E+00      hfr  
  -3.759691E+00      7.520000E-04     0       +5.50      1.585475E-04    2.000000E-06    1.193214E-01    5.295600E-02    +0.000000E+00   0.000000E+00    +0.000000E+00   0.000000E+00      hfr  
  -3.134955E+00      6.270000E-04     1       +3.50      6.602320E-10    0.000000E+00    1.311296E-01    5.819600E-02    +0.000000E+00   0.000000E+00    +0.000000E+00   0.000000E+00      hfr  
  -3.096461E+00      6.190000E-04     0       +5.50      1.660429E-04    2.000000E-06    1.193214E-01    5.295600E-02    +0.000000E+00   0.000000E+00    +0.000000E+00   0.000000E+00      hfr  
  -2.828680E+00      5.660000E-04     1       +4.50      1.536700E-10    0.000000E+00    1.256669E-01    5.577200E-02    +0.000000E+00   0.000000E+00    +0.000000E+00   0.000000E+00      hfr  
  -2.450209E+00      4.900000E-04     1       +5.50      3.349020E-11    0.000000E+00    1.196174E-01    5.308700E-02    +0.000000E+00   0.000000E+00    +0.000000E+00   0.000000E+00      hfr  
  -2.178740E+00      4.360000E-04     1       +5.50      4.294440E-10    0.000000E+00    1.196174E-01    5.308700E-02    +0.000000E+00   0.000000E+00    +0.000000E+00   0.000000E+00      hfr  
  -2.120241E+00      4.240000E-04     0       +4.50      9.906949E-05    1.000000E-06    1.252744E-01    5.559800E-02    +0.000000E+00   0.000000E+00    +0.000000E+00   0.000000E+00      hfr  
  -1.916407E+00      3.830000E-04     1       +4.50      1.562973E-09    0.000000E+00    1.256669E-01    5.577200E-02    +0.000000E+00   0.000000E+00    +0.000000E+00   0.000000E+00      hfr  
  -1.624331E+00      3.250000E-04     1       +3.50      1.003911E-09    0.000000E+00    1.311296E-01    5.819600E-02    +0.000000E+00   0.000000E+00    +0.000000E+00   0.000000E+00      hfr  
  -1.554686E+00      3.110000E-04     1       +4.50      2.921141E-09    0.000000E+00    1.256669E-01    5.577200E-02    +0.000000E+00   0.000000E+00    +0.000000E+00   0.000000E+00      hfr  
  -1.511465E+00      3.020000E-04     0       +4.50      2.034831E-07    0.000000E+00    1.252744E-01    5.559800E-02    +0.000000E+00   0.000000E+00    +0.000000E+00   0.000000E+00      hfr  
  -1.369150E+00      2.740000E-04     1       +6.50      7.602790E-10    0.000000E+00    1.130191E-01    5.015900E-02    +0.000000E+00   0.000000E+00    +0.000000E+00   0.000000E+00      hfr  
  +5.456037E-01      1.090000E-04     0       +4.50      9.160407E-05    1.000000E-06    1.252744E-01    5.559800E-02    +0.000000E+00   0.000000E+00    +0.000000E+00   0.000000E+00      hfr  
  +7.014103E-01      1.400000E-04     0       +5.50      1.222012E-05    0.000000E+00    1.193214E-01    5.295600E-02    +0.000000E+00   0.000000E+00    +0.000000E+00   0.000000E+00      hfr  
  +2.197201E+00      4.390000E-04     0       +5.50      4.649879E-07    0.000000E+00    1.193214E-01    5.295600E-02    +0.000000E+00   0.000000E+00    +0.000000E+00   0.000000E+00      hfr  
  +2.493153E+00      4.990000E-04     0       +4.50      6.712358E-05    1.000000E-06    1.252744E-01    5.559800E-02    +0.000000E+00   0.000000E+00    +0.000000E+00   0.000000E+00      hfr  
  +4.278831E+00      8.560000E-04     0       +4.50      1.975129E-04    2.000000E-06    1.252744E-01    5.559800E-02    +0.000000E+00   0.000000E+00    +0.000000E+00   0.000000E+00      hfr  
  +4.391620E+00      8.780000E-04     0       +5.50      1.785454E-05    0.000000E+00    1.193214E-01    5.295600E-02    +0.000000E+00   0.000000E+00    +0.000000E+00   0.000000E+00      hfr  
  +5.062226E+00      1.012000E-03     0       +4.50      1.350878E-05    0.000000E+00    1.252744E-01    5.559800E-02    +0.000000E+00   0.000000E+00    +0.000000E+00   0.000000E+00      hfr  
  +6.484146E+00      1.297000E-03     0       +5.50      6.338953E-06    0.000000E+00    1.193214E-01    5.295600E-02    +0.000000E+00   0.000000E+00    +0.000000E+00   0.000000E+00      hfr  
  +7.171227E+00      1.434000E-03     0       +4.50      9.480058E-05    1.000000E-06    1.252744E-01    5.559800E-02    +0.000000E+00   0.000000E+00    +0.000000E+00   0.000000E+00      hfr  
  +7.408023E+00      1.482000E-03     1       +6.50      1.412530E-08    0.000000E+00    1.130191E-01    5.015900E-02    +0.000000E+00   0.000000E+00    +0.000000E+00   0.000000E+00      hfr  
  +7.457889E+00      1.492000E-03     0       +5.50      5.694993E-05    1.000000E-06    1.193214E-01    5.295600E-02    +0.000000E+00   0.000000E+00    +0.000000E+00   0.000000E+00      hfr  
  +7.818419E+00      1.564000E-03     1       +3.50      1.347219E-08    0.000000E+00    1.311296E-01    5.819600E-02    +0.000000E+00   0.000000E+00    +0.000000E+00   0.000000E+00      hfr  
  +8.310782E+00      1.662000E-03     0       +4.50      8.108798E-06    0.000000E+00    1.252744E-01    5.559800E-02    +0.000000E+00   0.000000E+00    +0.000000E+00   0.000000E+00      hfr  
  +8.339047E+00      1.668000E-03     1       +6.50      3.088450E-08    0.000000E+00    1.130191E-01    5.015900E-02    +0.000000E+00   0.000000E+00    +0.000000E+00   0.000000E+00      hfr  
  +9.440036E+00      1.888000E-03     0       +5.50      2.254242E-05    0.000000E+00    1.193214E-01    5.295600E-02    +0.000000E+00   0.000000E+00    +0.000000E+00   0.000000E+00      hfr  
  +1.069700E+01      2.139000E-03     0       +4.50      7.334530E-10    0.000000E+00    1.252744E-01    5.559800E-02    +0.000000E+00   0.000000E+00    +0.000000E+00   0.000000E+00      hfr  
  +1.170645E+01      2.341000E-03     1       +5.50      1.181718E-07    0.000000E+00    1.196174E-01    5.308700E-02    +0.000000E+00   0.000000E+00    +0.000000E+00   0.000000E+00      hfr  
  +1.174082E+01      2.348000E-03     0       +5.50      2.920965E-06    0.000000E+00    1.193214E-01    5.295600E-02    +0.000000E+00   0.000000E+00    +0.000000E+00   0.000000E+00      hfr  
  +1.175363E+01      2.351000E-03     1       +4.50      2.984723E-08    0.000000E+00    1.256669E-01    5.577200E-02    +0.000000E+00   0.000000E+00    +0.000000E+00   0.000000E+00      hfr  
  +1.217915E+01      2.436000E-03     1       +6.50      1.343260E-08    0.000000E+00    1.130191E-01    5.015900E-02    +0.000000E+00   0.000000E+00    +0.000000E+00   0.000000E+00      hfr  
  +1.284377E+01      2.569000E-03     0       +4.50      2.161243E-05    0.000000E+00    1.252744E-01    5.559800E-02    +0.000000E+00   0.000000E+00    +0.000000E+00   0.000000E+00      hfr  
  +1.405655E+01      2.811000E-03     0       +4.50      1.616713E-05    0.000000E+00    1.252744E-01    5.559800E-02    +0.000000E+00   0.000000E+00    +0.000000E+00   0.000000E+00      hfr  
  +1.443983E+01      2.888000E-03     1       +5.50      1.409700E-08    0.000000E+00    1.196174E-01    5.308700E-02    +0.000000E+00   0.000000E+00    +0.000000E+00   0.000000E+00      hfr  
  +1.468026E+01      2.936000E-03     0       +5.50      1.121749E-04    1.000000E-06    1.193214E-01    5.295600E-02    +0.000000E+00   0.000000E+00    +0.000000E+00   0.000000E+00      hfr  
  +1.571230E+01      3.142000E-03     0       +4.50      3.377199E-05    0.000000E+00    1.252744E-01    5.559800E-02    +0.000000E+00   0.000000E+00    +0.000000E+00   0.000000E+00      hfr  
  +1.585184E+01      3.170000E-03     1       +3.50      7.277522E-08    0.000000E+00    1.311296E-01    5.819600E-02    +0.000000E+00   0.000000E+00    +0.000000E+00   0.000000E+00      hfr  
  +1.606176E+01      3.212000E-03     1       +5.50      1.360310E-08    0.000000E+00    1.196174E-01    5.308700E-02    +0.000000E+00   0.000000E+00    +0.000000E+00   0.000000E+00      hfr  
  +1.653781E+01      3.308000E-03     1       +4.50      1.344708E-08    0.000000E+00    1.256669E-01    5.577200E-02    +0.000000E+00   0.000000E+00    +0.000000E+00   0.000000E+00      hfr  
  +1.679239E+01      3.358000E-03     1       +6.50      8.073541E-08    0.000000E+00    1.130191E-01    5.015900E-02    +0.000000E+00   0.000000E+00    +0.000000E+00   0.000000E+00      hfr  
  +1.710926E+01      3.422000E-03     0       +5.50      1.329232E-04    1.000000E-06    1.193214E-01    5.295600E-02    +0.000000E+00   0.000000E+00    +0.000000E+00   0.000000E+00      hfr  
  +1.745389E+01      3.491000E-03     0       +5.50      4.425057E-05    0.000000E+00    1.193214E-01    5.295600E-02    +0.000000E+00   0.000000E+00    +0.000000E+00   0.000000E+00      hfr  
  +1.782487E+01      3.565000E-03     0       +4.50      5.143868E-06    0.000000E+00    1.252744E-01    5.559800E-02    +0.000000E+00   0.000000E+00    +0.000000E+00   0.000000E+00      hfr  
  +1.810077E+01      3.620000E-03     1       +5.50      2.270755E-08    0.000000E+00    1.196174E-01    5.308700E-02    +0.000000E+00   0.000000E+00    +0.000000E+00   0.000000E+00      hfr  
  +1.850332E+01      3.701000E-03     1       +3.50      6.595105E-08    0.000000E+00    1.311296E-01    5.819600E-02    +0.000000E+00   0.000000E+00    +0.000000E+00   0.000000E+00      hfr  
  +1.922344E+01      3.845000E-03     0       +5.50      1.041806E-04    1.000000E-06    1.193214E-01    5.295600E-02    +0.000000E+00   0.000000E+00    +0.000000E+00   0.000000E+00      hfr  
  +1.944944E+01      3.890000E-03     1       +5.50      1.066046E-07    0.000000E+00    1.196174E-01    5.308700E-02    +0.000000E+00   0.000000E+00    +0.000000E+00   0.000000E+00      hfr  
  +1.961070E+01      3.922000E-03     0       +4.50      3.672753E-04    4.000000E-06    1.252744E-01    5.559800E-02    +0.000000E+00   0.000000E+00    +0.000000E+00   0.000000E+00      hfr  
  +2.005724E+01      4.011000E-03     1       +4.50      7.812529E-08    0.000000E+00    1.256669E-01    5.577200E-02    +0.000000E+00   0.000000E+00    +0.000000E+00   0.000000E+00      hfr  
  +2.108268E+01      4.217000E-03     1       +5.50      5.538241E-08    0.000000E+00    1.196174E-01    5.308700E-02    +0.000000E+00   0.000000E+00    +0.000000E+00   0.000000E+00      hfr  
  +2.129698E+01      4.259000E-03     1       +3.50      2.081879E-08    0.000000E+00    1.311296E-01    5.819600E-02    +0.000000E+00   0.000000E+00    +0.000000E+00   0.000000E+00      hfr  
  +2.196613E+01      4.393000E-03     0       +4.50      7.108208E-05    1.000000E-06    1.252744E-01    5.559800E-02    +0.000000E+00   0.000000E+00    +0.000000E+00   0.000000E+00      hfr  
  +2.221046E+01      4.442000E-03     1       +3.50      1.765990E-08    0.000000E+00    1.311296E-01    5.819600E-02    +0.000000E+00   0.000000E+00    +0.000000E+00   0.000000E+00      hfr  
  +2.247771E+01      4.496000E-03     0       +5.50      7.894712E-06    0.000000E+00    1.193214E-01    5.295600E-02    +0.000000E+00   0.000000E+00    +0.000000E+00   0.000000E+00      hfr  
  +2.324134E+01      4.648000E-03     1       +6.50      1.779565E-08    0.000000E+00    1.130191E-01    5.015900E-02    +0.000000E+00   0.000000E+00    +0.000000E+00   0.000000E+00      hfr  
  +2.354386E+01      4.709000E-03     1       +5.50      4.663242E-08    0.000000E+00    1.196174E-01    5.308700E-02    +0.000000E+00   0.000000E+00    +0.000000E+00   0.000000E+00      hfr  
  +2.368267E+01      4.737000E-03     1       +6.50      8.502915E-08    0.000000E+00    1.130191E-01    5.015900E-02    +0.000000E+00   0.000000E+00    +0.000000E+00   0.000000E+00      hfr  
  +2.379493E+01      4.759000E-03     0       +4.50      1.709875E-04    2.000000E-06    1.252744E-01    5.559800E-02    +0.000000E+00   0.000000E+00    +0.000000E+00   0.000000E+00      hfr  
  +2.404586E+01      4.809000E-03     0       +4.50      7.857145E-05    1.000000E-06    1.252744E-01    5.559800E-02    +0.000000E+00   0.000000E+00    +0.000000E+00   0.000000E+00      hfr  
  +2.442433E+01      4.885000E-03     0       +5.50      7.719391E-05    1.000000E-06    1.193214E-01    5.295600E-02    +0.000000E+00   0.000000E+00    +0.000000E+00   0.000000E+00      hfr  
  +2.522117E+01      5.044000E-03     0       +5.50      4.707305E-06    0.000000E+00    1.193214E-01    5.295600E-02    +0.000000E+00   0.000000E+00    +0.000000E+00   0.000000E+00      hfr  
  +2.606405E+01      5.213000E-03     1       +5.50      7.000929E-08    0.000000E+00    1.196174E-01    5.308700E-02    +0.000000E+00   0.000000E+00    +0.000000E+00   0.000000E+00      hfr  
  +2.627137E+01      5.254000E-03     0       +4.50      1.175273E-03    1.300000E-05    1.252744E-01    5.559800E-02    +0.000000E+00   0.000000E+00    +0.000000E+00   0.000000E+00      hfr  
  +2.676282E+01      5.353000E-03     1       +6.50      1.388739E-08    0.000000E+00    1.130191E-01    5.015900E-02    +0.000000E+00   0.000000E+00    +0.000000E+00   0.000000E+00      hfr  
  +2.679879E+01      5.360000E-03     1       +4.50      7.800776E-08    0.000000E+00    1.256669E-01    5.577200E-02    +0.000000E+00   0.000000E+00    +0.000000E+00   0.000000E+00      hfr  
  +2.682071E+01      5.364000E-03     1       +5.50      3.529865E-08    0.000000E+00    1.196174E-01    5.308700E-02    +0.000000E+00   0.000000E+00    +0.000000E+00   0.000000E+00      hfr  
  +2.747386E+01      5.495000E-03     0       +4.50      2.492717E-06    0.000000E+00    1.252744E-01    5.559800E-02    +0.000000E+00   0.000000E+00    +0.000000E+00   0.000000E+00      hfr  
  +2.847492E+01      5.695000E-03     0       +5.50      3.663590E-04    4.000000E-06    1.193214E-01    5.295600E-02    +0.000000E+00   0.000000E+00    +0.000000E+00   0.000000E+00      hfr  
  +2.860904E+01      5.722000E-03     1       +3.50      4.730471E-08    0.000000E+00    1.311296E-01    5.819600E-02    +0.000000E+00   0.000000E+00    +0.000000E+00   0.000000E+00      hfr  
  +2.880010E+01      5.760000E-03     1       +4.50      4.337414E-08    0.000000E+00    1.256669E-01    5.577200E-02    +0.000000E+00   0.000000E+00    +0.000000E+00   0.000000E+00      hfr  
  +2.908016E+01      5.816000E-03     1       +6.50      4.367877E-08    0.000000E+00    1.130191E-01    5.015900E-02    +0.000000E+00   0.000000E+00    +0.000000E+00   0.000000E+00      hfr  
  +2.953773E+01      5.908000E-03     0       +5.50      1.896784E-05    0.000000E+00    1.193214E-01    5.295600E-02    +0.000000E+00   0.000000E+00    +0.000000E+00   0.000000E+00      hfr  
  +2.960636E+01      5.921000E-03     1       +3.50      1.483478E-07    0.000000E+00    1.311296E-01    5.819600E-02    +0.000000E+00   0.000000E+00    +0.000000E+00   0.000000E+00      hfr  
  +2.966554E+01      5.933000E-03     1       +6.50      1.555516E-08    0.000000E+00    1.130191E-01    5.015900E-02    +0.000000E+00   0.000000E+00    +0.000000E+00   0.000000E+00      hfr  
  +2.969150E+01      5.938000E-03     1       +4.50      7.436609E-08    0.000000E+00    1.256669E-01    5.577200E-02    +0.000000E+00   0.000000E+00    +0.000000E+00   0.000000E+00      hfr  
  +2.979727E+01      5.959000E-03     0       +5.50      8.541159E-09    0.000000E+00    1.193214E-01    5.295600E-02    +0.000000E+00   0.000000E+00    +0.000000E+00   0.000000E+00      hfr  
  +3.012392E+01      6.025000E-03     1       +4.50      3.986768E-08    0.000000E+00    1.256669E-01    5.577200E-02    +0.000000E+00   0.000000E+00    +0.000000E+00   0.000000E+00      hfr  
  +3.031260E+01      6.063000E-03     0       +4.50      1.408898E-04    2.000000E-06    1.252744E-01    5.559800E-02    +0.000000E+00   0.000000E+00    +0.000000E+00   0.000000E+00      hfr  
  +3.147471E+01      6.295000E-03     0       +4.50      1.542189E-05    0.000000E+00    1.252744E-01    5.559800E-02    +0.000000E+00   0.000000E+00    +0.000000E+00   0.000000E+00      hfr  
  +3.161743E+01      6.323000E-03     0       +5.50      2.071547E-04    2.000000E-06    1.193214E-01    5.295600E-02    +0.000000E+00   0.000000E+00    +0.000000E+00   0.000000E+00      hfr  
  +3.311614E+01      6.623000E-03     0       +4.50      7.464043E-05    1.000000E-06    1.252744E-01    5.559800E-02    +0.000000E+00   0.000000E+00    +0.000000E+00   0.000000E+00      hfr  
  +3.345707E+01      6.691000E-03     1       +6.50      1.069828E-07    0.000000E+00    1.130191E-01    5.015900E-02    +0.000000E+00   0.000000E+00    +0.000000E+00   0.000000E+00      hfr  
  +3.359877E+01      6.720000E-03     1       +3.50      1.513651E-08    0.000000E+00    1.311296E-01    5.819600E-02    +0.000000E+00   0.000000E+00    +0.000000E+00   0.000000E+00      hfr  
  +3.381899E+01      6.764000E-03     1       +5.50      1.675056E-07    0.000000E+00    1.196174E-01    5.308700E-02    +0.000000E+00   0.000000E+00    +0.000000E+00   0.000000E+00      hfr  
  +3.422127E+01      6.844000E-03     0       +5.50      2.374581E-04    3.000000E-06    1.193214E-01    5.295600E-02    +0.000000E+00   0.000000E+00    +0.000000E+00   0.000000E+00      hfr  
  +3.450999E+01      6.902000E-03     1       +4.50      9.393276E-08    0.000000E+00    1.256669E-01    5.577200E-02    +0.000000E+00   0.000000E+00    +0.000000E+00   0.000000E+00      hfr  
  +3.453303E+01      6.907000E-03     1       +5.50      8.064273E-08    0.000000E+00    1.196174E-01    5.308700E-02    +0.000000E+00   0.000000E+00    +0.000000E+00   0.000000E+00      hfr  
  +3.493859E+01      6.988000E-03     0       +5.50      3.311093E-05    0.000000E+00    1.193214E-01    5.295600E-02    +0.000000E+00   0.000000E+00    +0.000000E+00   0.000000E+00      hfr  
  +3.576447E+01      7.153000E-03     0       +4.50      6.263485E-05    1.000000E-06    1.252744E-01    5.559800E-02    +0.000000E+00   0.000000E+00    +0.000000E+00   0.000000E+00      hfr  
  +3.578639E+01      7.157000E-03     1       +4.50      7.126249E-08    0.000000E+00    1.256669E-01    5.577200E-02    +0.000000E+00   0.000000E+00    +0.000000E+00   0.000000E+00      hfr  
  +3.624469E+01      7.249000E-03     1       +6.50      5.618888E-07    0.000000E+00    1.130191E-01    5.015900E-02    +0.000000E+00   0.000000E+00    +0.000000E+00   0.000000E+00      hfr  
  +3.642551E+01      7.285000E-03     1       +6.50      1.647454E-08    0.000000E+00    1.130191E-01    5.015900E-02    +0.000000E+00   0.000000E+00    +0.000000E+00   0.000000E+00      hfr  
  +3.644345E+01      7.289000E-03     1       +5.50      2.060615E-07    0.000000E+00    1.196174E-01    5.308700E-02    +0.000000E+00   0.000000E+00    +0.000000E+00   0.000000E+00      hfr  
