                                                                     1 0  0    0
 3.207000+4 6.939867+1          1          0          0          03225 1451    1
 0.000000+0 1.000000+0          0          0          0          63225 1451    2
 1.000000+0 2.000000+7          2          0         10          73225 1451    3
 0.000000+0 0.000000+0          0          0          8          53225 1451    4
 File to be used by ENDSAM for RRR random variations.             3225 1451    5
                                                                  3225 1451    6
----TENDL for endsam (random MF2)                                 3225 1451    7
-----INCIDENT NEUTRON DATA                                        3225 1451    8
------ENDF-6 FORMAT                                               3225 1451    9
                                                                  3225 1451   10
 *****************************************************************3225 1451   11
                                                                  3225 1451   12
                                1        451         13          03225 1451   13
                                2        151         28          03225 1451   14
                                3          1          3          03225 1451   15
                                3          2          3          03225 1451   16
                                3        102        128          03225 1451   17
 0.000000+0 0.000000+0          0          0          0          03225 1  099999
 0.000000+0 0.000000+0          0          0          0          03225 0  0    0
 3.207000+4 6.939867+1          0          0          1          03225 2151    1
 3.207000+4 1.000000+0          0          0          1          03225 2151    2
 1.000000-5 1.400000+4          1          2          0          13225 2151    3
 0.000000+0 7.058900-1          1          0          2          23225 2151    4
 6.939867+1 0.000000+0          0          0        108         183225 2151    5
-4.889654+2 5.000000-1 2.324934+1 2.308934+1 1.600000-1 0.000000+03225 2151    6
 1.118273+3 5.000000-1 4.778647+0 4.609688+0 1.689594-1 0.000000+03225 2151    7
 1.474373+3 5.000000-1 8.404586-1 6.984614-1 1.419972-1 0.000000+03225 2151    8
 4.398113+3 5.000000-1 5.529084+0 5.361057+0 1.680272-1 0.000000+03225 2151    9
 5.604461+3 5.000000-1 2.938752+1 2.923832+1 1.491981-1 0.000000+03225 2151   10
 6.796690+3 5.000000-1 1.518127+1 1.501653+1 1.647436-1 0.000000+03225 2151   11
 8.705030+3 5.000000-1 4.539711+1 4.522925+1 1.678550-1 0.000000+03225 2151   12
 9.965671+3 5.000000-1 5.034602+1 5.018009+1 1.659251-1 0.000000+03225 2151   13
 1.037205+4 5.000000-1 6.050611+1 6.035717+1 1.489395-1 0.000000+03225 2151   14
 1.183396+4 5.000000-1 2.225590+1 2.209386+1 1.620364-1 0.000000+03225 2151   15
 1.328709+4 5.000000-1 9.462578+1 9.447336+1 1.524234-1 0.000000+03225 2151   16
 1.861618+4 5.000000-1 7.209104+1 7.193226+1 1.587833-1 0.000000+03225 2151   17
 2.406054+4 5.000000-1 7.719535+1 7.702794+1 1.674114-1 0.000000+03225 2151   18
 2.603024+4 5.000000-1 1.103423+2 1.101631+2 1.792468-1 0.000000+03225 2151   19
 2.788287+4 5.000000-1 1.498736+2 1.497264+2 1.472474-1 0.000000+03225 2151   20
 2.913303+4 5.000000-1 7.008967+1 6.991989+1 1.697767-1 0.000000+03225 2151   21
 3.656837+4 5.000000-1 1.006804+2 1.005293+2 1.511381-1 0.000000+03225 2151   22
 4.031343+4 5.000000-1 1.688422+2 1.686765+2 1.656801-1 0.000000+03225 2151   23
 6.939867+1 0.000000+0          1          0         18          33225 2151   24
 1.935500+3 5.000000-1 2.294730-1 2.987228-2 1.996007-1 0.000000+03225 2151   25
 3.157777+3 1.500000+0 2.314663-1 2.288376-2 2.085825-1 0.000000+03225 2151   26
 4.231007+3 1.500000+0 2.238459-1 2.749612-2 1.963498-1 0.000000+03225 2151   27
 0.000000+0 0.000000+0          0          0          0          03225 2  099999
 0.000000+0 0.000000+0          0          0          0          03225 0  0    0
 3.207000+4 6.992420+1          0          0          0          03225 3  1    1
 0.000000+0 0.000000+0          0          0          1          33225 3  1    2
          3          2                                            3225 3  1    3
 1.000000-5 0.000000+0 1.300010+7 0.000000+0 2.000011+7 1.00000-123225 3  1    4
                                                                  3225 3  099999
 3.207000+4 6.992420+1          0          0          0          03225 3  2    1
 0.000000+0 0.000000+0          0          0          1          33225 3  2    2
          3          2                                            3225 3  2    3
 1.000000-5 0.000000+0 1.300010+7 0.000000+0 2.000011+7 1.00000-123225 3  2    4
                                                                  3225 3  099999
 3.207000+4 6.992420+1          0          0          0          03225 3102    1
 7.330580+6 7.330580+6          0          0          1        3763225 3102    2
        376          2                                            3225 3102    3
 1.0000e-05 0.0000e+00 4.0000e-02 0.0000e+00 4.2000e-02 0.0000e+003225 3102    4
 4.4000e-02 0.0000e+00 4.6000e-02 0.0000e+00 4.8000e-02 0.0000e+003225 3102    5
 5.0000e-02 0.0000e+00 5.2000e-02 0.0000e+00 5.4000e-02 0.0000e+003225 3102    6
 5.6000e-02 0.0000e+00 5.8000e-02 0.0000e+00 6.0000e-02 0.0000e+003225 3102    7
 6.2000e-02 0.0000e+00 6.4000e-02 0.0000e+00 6.6000e-02 0.0000e+003225 3102    8
 6.8000e-02 0.0000e+00 7.0000e-02 0.0000e+00 7.2000e-02 0.0000e+003225 3102    9
 7.4000e-02 0.0000e+00 7.6000e-02 0.0000e+00 7.8000e-02 0.0000e+003225 3102   10
 8.0000e-02 0.0000e+00 8.5000e-02 0.0000e+00 9.0000e-02 0.0000e+003225 3102   11
 9.5000e-02 0.0000e+00 1.0000e-01 0.0000e+00 1.1000e-01 0.0000e+003225 3102   12
 1.2000e-01 0.0000e+00 1.3000e-01 0.0000e+00 1.4000e-01 0.0000e+003225 3102   13
 1.6000e-01 0.0000e+00 1.8000e-01 0.0000e+00 2.0000e-01 0.0000e+003225 3102   14
 2.2000e-01 0.0000e+00 2.4000e-01 0.0000e+00 2.6000e-01 0.0000e+003225 3102   15
 2.8000e-01 0.0000e+00 3.0000e-01 0.0000e+00 3.2000e-01 0.0000e+003225 3102   16
 3.4000e-01 0.0000e+00 3.6000e-01 0.0000e+00 3.8000e-01 0.0000e+003225 3102   17
 4.0000e-01 0.0000e+00 4.2000e-01 0.0000e+00 4.4000e-01 0.0000e+003225 3102   18
 4.6000e-01 0.0000e+00 4.8000e-01 0.0000e+00 5.0000e-01 0.0000e+003225 3102   19
 5.2000e-01 0.0000e+00 5.4000e-01 0.0000e+00 5.6000e-01 0.0000e+003225 3102   20
 5.8000e-01 0.0000e+00 6.0000e-01 0.0000e+00 6.2000e-01 0.0000e+003225 3102   21
 6.4000e-01 0.0000e+00 6.6000e-01 0.0000e+00 6.8000e-01 0.0000e+003225 3102   22
 7.0000e-01 0.0000e+00 7.2000e-01 0.0000e+00 7.4000e-01 0.0000e+003225 3102   23
 7.6000e-01 0.0000e+00 7.8000e-01 0.0000e+00 8.0000e-01 0.0000e+003225 3102   24
 8.5000e-01 0.0000e+00 9.0000e-01 0.0000e+00 9.5000e-01 0.0000e+003225 3102   25
 1.0000e+00 0.0000e+00 1.1000e+00 0.0000e+00 1.2000e+00 0.0000e+003225 3102   26
 1.3000e+00 0.0000e+00 1.4000e+00 0.0000e+00 1.6000e+00 0.0000e+003225 3102   27
 1.8000e+00 0.0000e+00 2.0000e+00 0.0000e+00 2.2000e+00 0.0000e+003225 3102   28
 2.4000e+00 0.0000e+00 2.6000e+00 0.0000e+00 2.8000e+00 0.0000e+003225 3102   29
 3.0000e+00 0.0000e+00 3.2000e+00 0.0000e+00 3.4000e+00 0.0000e+003225 3102   30
 3.6000e+00 0.0000e+00 3.8000e+00 0.0000e+00 4.0000e+00 0.0000e+003225 3102   31
 4.2000e+00 0.0000e+00 4.4000e+00 0.0000e+00 4.6000e+00 0.0000e+003225 3102   32
 4.8000e+00 0.0000e+00 5.0000e+00 0.0000e+00 5.2000e+00 0.0000e+003225 3102   33
 5.4000e+00 0.0000e+00 5.6000e+00 0.0000e+00 5.8000e+00 0.0000e+003225 3102   34
 6.0000e+00 0.0000e+00 6.2000e+00 0.0000e+00 6.4000e+00 0.0000e+003225 3102   35
 6.6000e+00 0.0000e+00 6.8000e+00 0.0000e+00 7.0000e+00 0.0000e+003225 3102   36
 7.2000e+00 0.0000e+00 7.4000e+00 0.0000e+00 7.6000e+00 0.0000e+003225 3102   37
 7.8000e+00 0.0000e+00 8.0000e+00 0.0000e+00 8.5000e+00 0.0000e+003225 3102   38
 9.0000e+00 0.0000e+00 9.5000e+00 0.0000e+00 1.0000e+01 0.0000e+003225 3102   39
 1.1000e+01 0.0000e+00 1.2000e+01 0.0000e+00 1.3000e+01 0.0000e+003225 3102   40
 1.4000e+01 0.0000e+00 1.5000e+01 0.0000e+00 1.6000e+01 0.0000e+003225 3102   41
 1.7000e+01 0.0000e+00 1.8000e+01 0.0000e+00 1.9000e+01 0.0000e+003225 3102   42
 2.0000e+01 0.0000e+00 2.2000e+01 0.0000e+00 2.4000e+01 0.0000e+003225 3102   43
 2.6000e+01 0.0000e+00 2.8000e+01 0.0000e+00 3.0000e+01 0.0000e+003225 3102   44
 3.2000e+01 0.0000e+00 3.4000e+01 0.0000e+00 3.6000e+01 0.0000e+003225 3102   45
 3.8000e+01 0.0000e+00 4.0000e+01 0.0000e+00 4.2000e+01 0.0000e+003225 3102   46
 4.4000e+01 0.0000e+00 4.6000e+01 0.0000e+00 4.8000e+01 0.0000e+003225 3102   47
 5.0000e+01 0.0000e+00 5.2000e+01 0.0000e+00 5.4000e+01 0.0000e+003225 3102   48
 5.6000e+01 0.0000e+00 5.8000e+01 0.0000e+00 6.0000e+01 0.0000e+003225 3102   49
 6.2000e+01 0.0000e+00 6.4000e+01 0.0000e+00 6.6000e+01 0.0000e+003225 3102   50
 6.8000e+01 0.0000e+00 7.0000e+01 0.0000e+00 7.5000e+01 0.0000e+003225 3102   51
 8.0000e+01 0.0000e+00 8.5000e+01 0.0000e+00 1.0000e+02 0.0000e+003225 3102   52
 1.1000e+02 0.0000e+00 1.2000e+02 0.0000e+00 1.3000e+02 0.0000e+003225 3102   53
 1.4000e+02 0.0000e+00 1.5000e+02 0.0000e+00 1.6000e+02 0.0000e+003225 3102   54
 1.7000e+02 0.0000e+00 1.8000e+02 0.0000e+00 2.0000e+02 0.0000e+003225 3102   55
 2.2000e+02 0.0000e+00 2.4000e+02 0.0000e+00 2.6000e+02 0.0000e+003225 3102   56
 2.8000e+02 0.0000e+00 3.0000e+02 0.0000e+00 3.2000e+02 0.0000e+003225 3102   57
 3.4000e+02 0.0000e+00 3.6000e+02 0.0000e+00 3.8000e+02 0.0000e+003225 3102   58
 4.0000e+02 0.0000e+00 4.2000e+02 0.0000e+00 4.4000e+02 0.0000e+003225 3102   59
 4.6000e+02 0.0000e+00 4.8000e+02 0.0000e+00 5.0000e+02 0.0000e+003225 3102   60
 5.2000e+02 0.0000e+00 5.4000e+02 0.0000e+00 5.6000e+02 0.0000e+003225 3102   61
 5.8000e+02 0.0000e+00 6.0000e+02 0.0000e+00 6.2000e+02 0.0000e+003225 3102   62
 6.4000e+02 0.0000e+00 6.6000e+02 0.0000e+00 6.8000e+02 0.0000e+003225 3102   63
 7.0000e+02 0.0000e+00 7.2000e+02 0.0000e+00 7.4000e+02 0.0000e+003225 3102   64
 7.6000e+02 0.0000e+00 7.8000e+02 0.0000e+00 8.0000e+02 0.0000e+003225 3102   65
 8.2000e+02 0.0000e+00 8.4000e+02 0.0000e+00 8.6000e+02 0.0000e+003225 3102   66
 8.8000e+02 0.0000e+00 9.0000e+02 0.0000e+00 9.2000e+02 0.0000e+003225 3102   67
 9.4000e+02 0.0000e+00 9.6000e+02 0.0000e+00 9.8000e+02 0.0000e+003225 3102   68
 1.0000e+03 0.0000e+00 1.1000e+03 0.0000e+00 1.2000e+03 0.0000e+003225 3102   69
 1.3000e+03 0.0000e+00 1.4000e+03 0.0000e+00 1.5000e+03 0.0000e+003225 3102   70
 1.6000e+03 0.0000e+00 1.7000e+03 0.0000e+00 1.8000e+03 0.0000e+003225 3102   71
 2.0000e+03 0.0000e+00 2.2000e+03 0.0000e+00 2.4000e+03 0.0000e+003225 3102   72
 2.6000e+03 0.0000e+00 2.8000e+03 0.0000e+00 3.0000e+03 0.0000e+003225 3102   73
 3.2000e+03 0.0000e+00 3.4000e+03 0.0000e+00 3.6000e+03 0.0000e+003225 3102   74
 3.8000e+03 0.0000e+00 4.0000e+03 0.0000e+00 4.2000e+03 0.0000e+003225 3102   75
 4.4000e+03 0.0000e+00 4.6000e+03 0.0000e+00 4.8000e+03 0.0000e+003225 3102   76
 5.0000e+03 0.0000e+00 5.5000e+03 0.0000e+00 6.0000e+03 0.0000e+003225 3102   77
 6.5000e+03 0.0000e+00 7.0000e+03 0.0000e+00 7.5000e+03 0.0000e+003225 3102   78
 8.0000e+03 0.0000e+00 8.5000e+03 0.0000e+00 1.0000e+04 0.0000e+003225 3102   79
 1.1000e+04 0.0000e+00 1.2000e+04 0.0000e+00 1.4000e+04 0.0000e+003225 3102   80
 1.4000e+04 1.2313e-01 1.5000e+04 1.1828e-01 1.6000e+04 1.1389e-013225 3102   81
 1.7000e+04 1.0990e-01 1.8000e+04 1.0625e-01 1.9000e+04 1.0291e-013225 3102   82
 2.0000e+04 9.9829e-02 2.2000e+04 9.4364e-02 2.4000e+04 8.9662e-023225 3102   83
 2.6000e+04 8.5584e-02 2.8000e+04 8.2015e-02 3.0000e+04 7.8872e-023225 3102   84
 3.2000e+04 7.6088e-02 3.4000e+04 7.3607e-02 3.6000e+04 7.1386e-023225 3102   85
 3.8000e+04 6.9386e-02 4.0000e+04 6.7580e-02 4.2000e+04 6.5939e-023225 3102   86
 4.4000e+04 6.4445e-02 4.6000e+04 6.3077e-02 4.8000e+04 6.1822e-023225 3102   87
 5.0000e+04 6.0665e-02 5.2000e+04 5.9596e-02 5.4000e+04 5.8604e-023225 3102   88
 5.5000e+04 5.8134e-02 5.6000e+04 5.7680e-02 5.8000e+04 5.6819e-023225 3102   89
 6.0000e+04 5.6012e-02 6.2000e+04 5.5255e-02 6.4000e+04 5.4543e-023225 3102   90
 6.6000e+04 5.3871e-02 6.8000e+04 5.3236e-02 7.0000e+04 5.2633e-023225 3102   91
 7.2000e+04 5.2061e-02 7.4000e+04 5.1516e-02 7.6000e+04 5.0997e-023225 3102   92
 7.8000e+04 5.0500e-02 8.0000e+04 5.0025e-02 8.2000e+04 4.9569e-023225 3102   93
 8.4000e+04 4.9132e-02 8.6000e+04 4.8711e-02 8.8000e+04 4.8305e-023225 3102   94
 1.0000e+05 4.6171e-02 1.1000e+05 4.4647e-02 1.2000e+05 4.3311e-023225 3102   95
 1.3000e+05 4.2125e-02 1.4000e+05 4.1064e-02 1.5000e+05 4.0108e-023225 3102   96
 1.6000e+05 3.9245e-02 1.7000e+05 3.8462e-02 1.8000e+05 3.7750e-023225 3102   97
 1.9000e+05 3.7105e-02 2.0000e+05 3.6519e-02 2.2000e+05 3.5505e-023225 3102   98
 2.4000e+05 3.4675e-02 2.6000e+05 3.3999e-02 2.8000e+05 3.3455e-023225 3102   99
 3.0000e+05 3.3023e-02 3.2000e+05 3.2686e-02 3.4000e+05 3.2430e-023225 3102  100
 3.6000e+05 3.2241e-02 3.8000e+05 3.2111e-02 4.0000e+05 3.2033e-023225 3102  101
 4.2000e+05 3.2000e-02 4.4000e+05 3.2008e-02 4.6000e+05 3.2051e-023225 3102  102
 4.8000e+05 3.2124e-02 5.0000e+05 3.2224e-02 5.2000e+05 3.2350e-023225 3102  103
 5.4000e+05 3.2498e-02 5.6000e+05 3.2656e-02 5.8000e+05 3.2835e-023225 3102  104
 6.0000e+05 3.3032e-02 6.2000e+05 3.3247e-02 6.4000e+05 3.3479e-023225 3102  105
 6.6000e+05 3.3726e-02 6.8000e+05 3.3987e-02 7.0000e+05 3.4262e-023225 3102  106
 7.2000e+05 3.4551e-02 7.4000e+05 3.4852e-02 7.6000e+05 3.5180e-023225 3102  107
 7.8000e+05 3.5492e-02 8.0000e+05 3.5816e-02 8.2000e+05 3.6155e-023225 3102  108
 8.4000e+05 3.6509e-02 8.6000e+05 3.6876e-02 8.8000e+05 3.7254e-023225 3102  109
 9.0000e+05 3.7644e-02 9.2000e+05 3.8045e-02 9.4000e+05 3.8458e-023225 3102  110
 9.6000e+05 3.8875e-02 9.8000e+05 3.9291e-02 1.0000e+06 3.9719e-023225 3102  111
 1.1000e+06 3.3919e-02 1.2000e+06 3.0172e-02 1.4000e+06 2.7111e-023225 3102  112
 1.5000e+06 2.6713e-02 1.6000e+06 2.6868e-02 1.7000e+06 2.7345e-023225 3102  113
 1.8000e+06 2.6367e-02 1.9000e+06 2.5954e-02 2.0000e+06 2.5946e-023225 3102  114
 2.2000e+06 2.5871e-02 2.4000e+06 2.2682e-02 2.6000e+06 2.1295e-023225 3102  115
 2.8000e+06 1.9469e-02 3.0000e+06 1.8509e-02 3.1000e+06 1.8182e-023225 3102  116
 3.2000e+06 1.7769e-02 3.3000e+06 1.7179e-02 3.4000e+06 1.6662e-023225 3102  117
 3.5000e+06 1.6206e-02 3.6000e+06 1.5691e-02 3.7000e+06 1.5054e-023225 3102  118
 3.8000e+06 1.4488e-02 3.9000e+06 1.3918e-02 4.0000e+06 1.3370e-023225 3102  119
 4.2000e+06 1.2167e-02 4.4000e+06 1.1110e-02 4.6000e+06 1.0031e-023225 3102  120
 4.8000e+06 9.1029e-03 5.0000e+06 8.2058e-03 5.4000e+06 6.6964e-033225 3102  121
 5.8000e+06 5.4992e-03 6.0000e+06 5.0050e-03 6.2000e+06 4.5580e-033225 3102  122
 6.4000e+06 4.2150e-03 6.6000e+06 3.8827e-03 6.8000e+06 3.6487e-033225 3102  123
 7.0000e+06 3.3736e-03 7.2000e+06 3.1420e-03 7.4000e+06 3.0217e-033225 3102  124
 7.6000e+06 2.8114e-03 7.8000e+06 2.7165e-03 8.0000e+06 2.5306e-033225 3102  125
 8.2000e+06 2.3802e-03 8.4000e+06 2.3537e-03 8.6000e+06 2.2003e-033225 3102  126
 8.8000e+06 2.2503e-03 9.0000e+06 2.0997e-03 9.2000e+06 1.9734e-033225 3102  127
 9.4000e+06 2.0404e-03 9.6000e+06 1.9124e-03 9.8000e+06 2.0154e-033225 3102  128
 1.0000e+07 1.8778e-03                                            3225 3102  129
                                                                  3225 3  099999
 0.000000+0 0.000000+0          0          0          0          03225 0  0    0
 3.207000+4 6.939867+1          0          0          1          0322532151    1
 3.207000+4 1.000000+0          0          0          1          0322532151    2
 1.000000-5 1.400000+4          1          2          0          1322532151    3
 0.000000+0 7.050000-1          0          2          2          1322532151    4
 0.000000+0 3.525000-2          0          0          0          0322532151    5
 6.939867+1 0.000000+0          0          0        252         21322532151    6
-4.890000+2 5.000000-1 2.322000+1 2.306000+1 1.600000-1 0.000000+0322532151    7
 1.000490-1                       1.179490-1 0.000000+0 0.000000+0322532151    8
 1.118000+3 5.000000-1 4.760000+0 4.600000+0 1.600000-1 0.000000+0322532151    9
 2.287430-1                       2.352849-2 7.999999-3 0.000000+0322532151   10
 1.474000+3 5.000000-1 8.500000-1 7.000000-1 1.500000-1 0.000000+0322532151   11
 3.015800-1                       3.580423-3 7.500000-3 0.000000+0322532151   12
 4.397000+3 5.000000-1 5.585000+0 5.400000+0 1.850000-1 0.000000+0322532151   13
 8.996260-1                       2.762041-2 9.250000-3 0.000000+0322532151   14
 5.603000+3 5.000000-1 2.916000+1 2.900000+1 1.600000-1 0.000000+0322532151   15
 1.146374+0                       1.483318-1 7.999999-3 0.000000+0322532151   16
 6.795000+3 5.000000-1 1.516000+1 1.500000+1 1.600000-1 0.000000+0322532151   17
 1.390257+0                       7.672335-2 7.999999-3 0.000000+0322532151   18
 8.703000+3 5.000000-1 4.516000+1 4.500000+1 1.600000-1 0.000000+0322532151   19
 1.780634+0                       2.301701-1 7.999999-3 0.000000+0322532151   20
 9.963000+3 5.000000-1 5.016000+1 5.000000+1 1.600000-1 0.000000+0322532151   21
 2.038430+0                       2.557445-1 7.999999-3 0.000000+0322532151   22
 1.037000+4 5.000000-1 6.016000+1 6.000000+1 1.600000-1 0.000000+0322532151   23
 2.121702+0                       3.068934-1 7.999999-3 0.000000+0322532151   24
 1.183500+4 5.000000-1 2.216000+1 2.200000+1 1.600000-1 0.000000+0322532151   25
 2.421441+0                       1.125276-1 7.999999-3 0.000000+0322532151   26
 1.328600+4 5.000000-1 9.516000+1 9.500000+1 1.600000-1 0.000000+0322532151   27
 2.718316+0                       4.859146-1 7.999999-3 0.000000+0322532151   28
 1.862000+4 5.000000-1 7.216000+1 7.200000+1 1.600000-1 0.000000+0322532151   29
 3.809652+0                       3.682721-1 7.999999-3 0.000000+0322532151   30
 2.406800+4 5.000000-1 7.716000+1 7.700000+1 1.600000-1 0.000000+0322532151   31
 4.924313+0                       3.938465-1 7.999999-3 0.000000+0322532151   32
 2.603000+4 5.000000-1 1.101600+2 1.100000+2 1.600000-1 0.000000+0322532151   33
 5.325738+0                       5.626379-1 7.999999-3 0.000000+0322532151   34
 2.789000+4 5.000000-1 1.501600+2 1.500000+2 1.600000-1 0.000000+0322532151   35
 5.706294+0                       7.672335-1 7.999999-3 0.000000+0322532151   36
 2.913000+4 5.000000-1 7.016000+1 7.000000+1 1.600000-1 0.000000+0322532151   37
 5.959998+0                       3.580423-1 7.999999-3 0.000000+0322532151   38
 3.657000+4 5.000000-1 1.001600+2 1.000000+2 1.600000-1 0.000000+0322532151   39
 7.482222+0                       5.114890-1 7.999999-3 0.000000+0322532151   40
 4.030000+4 5.000000-1 1.681600+2 1.680000+2 1.600000-1 0.000000+0322532151   41
 8.245380+0                       8.593015-1 7.999999-3 0.000000+0322532151   42
 1.935000+3 5.000000-1 2.300000-1 3.000000-2 2.000000-1 0.000000+0322532151   43
 3.959010-1                       1.534467-4 1.000000-2 0.000000+0322532151   44
 3.157000+3 1.500000+0 2.230000-1 2.300000-2 2.000000-1 0.000000+0322532151   45
 6.459222-1                       1.176425-4 1.000000-2 0.000000+0322532151   46
 4.230000+3 1.500000+0 2.275000-1 2.750000-2 2.000000-1 0.000000+0322532151   47
 8.654580-1                       1.406595-4 1.000000-2 0.000000+0322532151   48
          0          0          2         63         55          0322532151   49
    3    2  -2                                                    322532151   50
    6    5  -7                                                    322532151   51
    9    8 -34                                                    322532151   52
   57   56 -81                                                    322532151   53
   60   59 -79                                                    322532151   54
   63   62 -81                                                    322532151   55
   12   11  -7                                                    322532151   56
   15   14  -2                                                    322532151   57
   18   17  -3                                                    322532151   58
   30   29  -2                                                    322532151   59
    7    4  99                                                    322532151   60
   55    4  99                                                    322532151   61
   55    7  99                                                    322532151   62
   58    4  99                                                    322532151   63
   58    7  99                                                    322532151   64
   58   55  99                                                    322532151   65
   61    4  99                                                    322532151   66
   61    7  99                                                    322532151   67
   61   55  99                                                    322532151   68
   61   58  99                                                    322532151   69
   10    4  99                                                    322532151   70
   10    7  99                                                    322532151   71
   55   10  99                                                    322532151   72
   58   10  99                                                    322532151   73
   61   10  99                                                    322532151   74
   13    4  99                                                    322532151   75
   13    7  99                                                    322532151   76
   55   13  99                                                    322532151   77
   58   13  99                                                    322532151   78
   61   13  99                                                    322532151   79
   13   10  99                                                    322532151   80
   16    4  99                                                    322532151   81
   16    7  99                                                    322532151   82
   55   16  99                                                    322532151   83
   58   16  99                                                    322532151   84
   61   16  99                                                    322532151   85
   16   10  99                                                    322532151   86
   16   13  99                                                    322532151   87
   19    4  99                                                    322532151   88
   19    7  99                                                    322532151   89
   55   19  99                                                    322532151   90
   58   19  99                                                    322532151   91
   61   19  99                                                    322532151   92
   19   10  99                                                    322532151   93
   19   13  99                                                    322532151   94
   19   16  99                                                    322532151   95
   22    4  99                                                    322532151   96
   22    7  99                                                    322532151   97
   55   22  99                                                    322532151   98
   58   22  99                                                    322532151   99
   61   22  99                                                    322532151  100
   22   10  99                                                    322532151  101
   22   13  99                                                    322532151  102
   22   16  99                                                    322532151  103
   22   19  99                                                    322532151  104
 0.000000+0 0.000000+0          0          0          0          0322532  099999
 0.000000+0 0.000000+0          0          0          0          03225 0  0    0
 0.000000+0 0.000000+0          0          0          0          0   0 0  0    0
                                                                    -1 0  0    0
