# D. Rochman  TARES version 1.8 , Villigen   , Switzerland
# Time: Wed Oct  7 09:57:23 2026
#                        
# Element                            : Ac
# Z                                  : 89
# A                                  : 225
# I                                  : 0
# Half-life                   [days ]: 9.91898 
# Data origin                        : TARES
# Formalism                          : Multi-level Breit-Wigner
# Emin (RRR)                     [eV]: 1e-5  
# Emax (RRR)                     [eV]: 2.982710E+01 
# Emax2 (background)             [eV]: 1.000000E+02 
# Number of resonances (<Emax)       : 100
# Number of resonances (<Emax2)      : 100
# Thermal (n,g) xs (systematics) [b.]: 1.050610E+02 
# Ress Int. (n,g) (systematics)  [b.]: 3.489760E+02 
# MACS 30 keV (calculated)       [b.]: 1.122800E+00
# Westcott factor (calculated)       : 9.954600E-01
#
# Thermal (n,el) xs (systema.)   [b.]: 1.100760E+01 
# Res. Int (n,el) (calculated)   [b.]: 4.795800E+01 
#
# Thermal  (n,f) xs              [b.]: 1.001080E-08 (Syst.) 
# Resonance Integral (n,f) xs    [b.]: 3.126240E-08
#
# Scattering radius              [fm]: 8.06 +/- 0.48 
#
# Average Gtotal   l=0           [eV]: 2.995670E-03 
# Average reduced (Gn^0) Gn l=0  [eV]: 3.552390E-05 
# Average Gg       l=0           [eV]: 2.867250E-03 
# Average level spacing D0 (l=0) [eV]: 4.660480E-01 
# Neutron strength function S0 (l=0) : 3.800670E-05 
#
# Average Gtotal   l=1           [eV]: 2.864430E-03 
# Average reduced (Gn^1) Gn l=1  [eV]: 3.111480E-04 
# Average Gg       l=1           [eV]: 2.864350E-03 
# Average level spacing D1 (l=1) [eV]: 1.355780E+00 
# Neutron strength function S1 (l=1) : 2.985800E-05 
#
#
#
#          
#   Energy (eV)     +/- DE (eV)       l         J          Gn (eV)       +/- DGn (eV)       Gg (eV)      +/- DGg (eV)       Gf1 (eV)     +/- DGf1 (eV)       Gf2 (eV)     +/- DGf2 (eV)    Origin  
#<---------------><---------------><-----><-----------><--------------><--------------><--------------><--------------><--------------><--------------><---------------><--------------><---------->
  -1.035094E+01      2.070000E-03     1       +0.00      1.041835E-08    0.000000E+00    2.904646E-03    1.838000E-03    +1.130440E-13   0.000000E+00    +0.000000E+00   0.000000E+00      hfr  
  -6.087622E+00      1.218000E-03     1       +0.00      1.213898E-08    0.000000E+00    2.904646E-03    1.838000E-03    +7.628500E-14   0.000000E+00    +0.000000E+00   0.000000E+00      hfr  
  -3.267740E+00      6.540000E-04     1       +0.00      2.011690E-10    0.000000E+00    2.904646E-03    1.838000E-03    +1.129460E-14   0.000000E+00    +0.000000E+00   0.000000E+00      hfr  
  -2.827585E+00      5.660000E-04     1       +1.00      2.980285E-09    0.000000E+00    2.891126E-03    1.829000E-03    +1.110580E-14   0.000000E+00    +0.000000E+00   0.000000E+00      hfr  
  -2.616244E+00      5.230000E-04     0       +2.00      1.258093E-05    0.000000E+00    2.856107E-03    1.807000E-03    +1.341880E-13   0.000000E+00    +0.000000E+00   0.000000E+00      hfr  
  -2.062575E+00      4.130000E-04     0       +1.00      5.832783E-05    1.000000E-06    2.885084E-03    1.825000E-03    +7.373170E-14   0.000000E+00    +0.000000E+00   0.000000E+00      hfr  
  -1.676588E+00      3.350000E-04     0       +2.00      1.920625E-04    3.000000E-06    2.856107E-03    1.807000E-03    +4.594120E-14   0.000000E+00    +0.000000E+00   0.000000E+00      hfr  
  -1.668761E+00      3.340000E-04     0       +1.00      5.187656E-04    8.000000E-06    2.885084E-03    1.825000E-03    +8.285480E-14   0.000000E+00    +0.000000E+00   0.000000E+00      hfr  
  -1.643904E+00      3.290000E-04     1       +1.00      1.106527E-09    0.000000E+00    2.891126E-03    1.829000E-03    +1.542280E-14   0.000000E+00    +0.000000E+00   0.000000E+00      hfr  
  -5.236838E-01      1.050000E-04     0       +1.00      7.169296E-06    0.000000E+00    2.885084E-03    1.825000E-03    +1.564610E-14   0.000000E+00    +0.000000E+00   0.000000E+00      hfr  
  -4.048064E-01      8.100000E-05     1       +2.00      1.810770E-10    0.000000E+00    2.861399E-03    1.810000E-03    +2.979520E-14   0.000000E+00    +0.000000E+00   0.000000E+00      hfr  
  -3.993439E-02      8.000000E-06     0       +2.00      1.175715E-05    0.000000E+00    2.856107E-03    1.807000E-03    +2.756100E-13   0.000000E+00    +0.000000E+00   0.000000E+00      hfr  
  +3.558659E-01      7.100000E-05     0       +1.00      2.008797E-05    0.000000E+00    2.885084E-03    1.825000E-03    +1.595000E-13   0.000000E+00    +0.000000E+00   0.000000E+00      hfr  
  +7.638857E-01      1.530000E-04     0       +2.00      1.040111E-05    0.000000E+00    2.856107E-03    1.807000E-03    +6.203130E-13   0.000000E+00    +0.000000E+00   0.000000E+00      hfr  
  +1.282714E+00      2.570000E-04     0       +1.00      7.017178E-05    1.000000E-06    2.885084E-03    1.825000E-03    +4.395520E-13   0.000000E+00    +0.000000E+00   0.000000E+00      hfr  
  +1.329208E+00      2.660000E-04     0       +2.00      1.555457E-05    0.000000E+00    2.856107E-03    1.807000E-03    +2.352280E-13   0.000000E+00    +0.000000E+00   0.000000E+00      hfr  
  +2.090093E+00      4.180000E-04     0       +2.00      4.895715E-06    0.000000E+00    2.856107E-03    1.807000E-03    +4.172430E-13   0.000000E+00    +0.000000E+00   0.000000E+00      hfr  
  +2.199118E+00      4.400000E-04     0       +1.00      1.371918E-04    2.000000E-06    2.885084E-03    1.825000E-03    +9.842250E-14   0.000000E+00    +0.000000E+00   0.000000E+00      hfr  
  +2.563281E+00      5.130000E-04     0       +2.00      1.851988E-06    0.000000E+00    2.856107E-03    1.807000E-03    +2.663820E-14   0.000000E+00    +0.000000E+00   0.000000E+00      hfr  
  +2.876933E+00      5.750000E-04     0       +2.00      2.898408E-06    0.000000E+00    2.856107E-03    1.807000E-03    +4.581670E-13   0.000000E+00    +0.000000E+00   0.000000E+00      hfr  
  +3.042166E+00      6.080000E-04     0       +1.00      1.050407E-05    0.000000E+00    2.885084E-03    1.825000E-03    +2.141050E-13   0.000000E+00    +0.000000E+00   0.000000E+00      hfr  
  +4.194589E+00      8.390000E-04     0       +2.00      9.651278E-05    2.000000E-06    2.856107E-03    1.807000E-03    +4.058620E-13   0.000000E+00    +0.000000E+00   0.000000E+00      hfr  
  +4.614038E+00      9.230000E-04     0       +2.00      1.666857E-04    3.000000E-06    2.856107E-03    1.807000E-03    +4.138640E-14   0.000000E+00    +0.000000E+00   0.000000E+00      hfr  
  +5.106388E+00      1.021000E-03     0       +2.00      5.524398E-05    1.000000E-06    2.856107E-03    1.807000E-03    +5.762030E-14   0.000000E+00    +0.000000E+00   0.000000E+00      hfr  
  +5.737439E+00      1.147000E-03     0       +1.00      4.162892E-05    1.000000E-06    2.885084E-03    1.825000E-03    +4.362260E-13   0.000000E+00    +0.000000E+00   0.000000E+00      hfr  
  +5.800474E+00      1.160000E-03     0       +1.00      4.800681E-04    8.000000E-06    2.885084E-03    1.825000E-03    +9.557050E-15   0.000000E+00    +0.000000E+00   0.000000E+00      hfr  
  +6.445725E+00      1.289000E-03     0       +2.00      2.186965E-06    0.000000E+00    2.856107E-03    1.807000E-03    +8.847260E-14   0.000000E+00    +0.000000E+00   0.000000E+00      hfr  
  +6.798533E+00      1.360000E-03     0       +2.00      7.064222E-05    1.000000E-06    2.856107E-03    1.807000E-03    +5.576690E-15   0.000000E+00    +0.000000E+00   0.000000E+00      hfr  
  +7.178643E+00      1.436000E-03     0       +1.00      1.923423E-04    3.000000E-06    2.885084E-03    1.825000E-03    +7.460550E-13   0.000000E+00    +0.000000E+00   0.000000E+00      hfr  
  +7.568349E+00      1.514000E-03     0       +2.00      1.431015E-06    0.000000E+00    2.856107E-03    1.807000E-03    +6.126360E-14   0.000000E+00    +0.000000E+00   0.000000E+00      hfr  
  +7.873758E+00      1.575000E-03     0       +2.00      7.699979E-06    0.000000E+00    2.856107E-03    1.807000E-03    +2.225540E-13   0.000000E+00    +0.000000E+00   0.000000E+00      hfr  
  +8.462126E+00      1.692000E-03     1       +0.00      1.216469E-07    0.000000E+00    2.904646E-03    1.838000E-03    +3.088730E-13   0.000000E+00    +0.000000E+00   0.000000E+00      hfr  
  +9.203384E+00      1.841000E-03     0       +1.00      4.513790E-04    7.000000E-06    2.885084E-03    1.825000E-03    +1.487690E-13   0.000000E+00    +0.000000E+00   0.000000E+00      hfr  
  +9.624758E+00      1.925000E-03     0       +2.00      1.165412E-06    0.000000E+00    2.856107E-03    1.807000E-03    +3.044280E-13   0.000000E+00    +0.000000E+00   0.000000E+00      hfr  
  +9.887653E+00      1.978000E-03     0       +2.00      4.448469E-05    1.000000E-06    2.856107E-03    1.807000E-03    +3.777210E-14   0.000000E+00    +0.000000E+00   0.000000E+00      hfr  
  +1.005012E+01      2.010000E-03     0       +1.00      3.383194E-06    0.000000E+00    2.885084E-03    1.825000E-03    +1.182180E-13   0.000000E+00    +0.000000E+00   0.000000E+00      hfr  
  +1.142743E+01      2.285000E-03     0       +1.00      2.065828E-04    3.000000E-06    2.885084E-03    1.825000E-03    +1.046570E-13   0.000000E+00    +0.000000E+00   0.000000E+00      hfr  
  +1.150209E+01      2.300000E-03     0       +2.00      1.871889E-05    0.000000E+00    2.856107E-03    1.807000E-03    +5.661810E-13   0.000000E+00    +0.000000E+00   0.000000E+00      hfr  
  +1.177849E+01      2.356000E-03     0       +2.00      4.125175E-05    1.000000E-06    2.856107E-03    1.807000E-03    +2.848280E-13   0.000000E+00    +0.000000E+00   0.000000E+00      hfr  
  +1.215153E+01      2.430000E-03     0       +1.00      1.192071E-04    2.000000E-06    2.885084E-03    1.825000E-03    +6.145610E-14   0.000000E+00    +0.000000E+00   0.000000E+00      hfr  
  +1.225901E+01      2.452000E-03     0       +2.00      2.964605E-05    0.000000E+00    2.856107E-03    1.807000E-03    +2.491680E-13   0.000000E+00    +0.000000E+00   0.000000E+00      hfr  
  +1.284220E+01      2.568000E-03     1       +0.00      5.521984E-08    0.000000E+00    2.904646E-03    1.838000E-03    +4.226260E-13   0.000000E+00    +0.000000E+00   0.000000E+00      hfr  
  +1.284685E+01      2.569000E-03     0       +2.00      8.112960E-05    1.000000E-06    2.856107E-03    1.807000E-03    +3.375360E-13   0.000000E+00    +0.000000E+00   0.000000E+00      hfr  
  +1.342370E+01      2.685000E-03     1       +2.00      3.869694E-08    0.000000E+00    2.861399E-03    1.810000E-03    +2.615700E-14   0.000000E+00    +0.000000E+00   0.000000E+00      hfr  
  +1.344025E+01      2.688000E-03     1       +3.00      4.980793E-08    0.000000E+00    2.818964E-03    1.783000E-03    +2.912750E-13   0.000000E+00    +0.000000E+00   0.000000E+00      hfr  
  +1.405598E+01      2.811000E-03     0       +1.00      3.543463E-04    6.000000E-06    2.885084E-03    1.825000E-03    +4.190340E-14   0.000000E+00    +0.000000E+00   0.000000E+00      hfr  
  +1.428259E+01      2.857000E-03     0       +2.00      1.779627E-05    0.000000E+00    2.856107E-03    1.807000E-03    +1.412130E-13   0.000000E+00    +0.000000E+00   0.000000E+00      hfr  
  +1.439303E+01      2.879000E-03     1       +1.00      4.122132E-08    0.000000E+00    2.891126E-03    1.829000E-03    +2.613190E-13   0.000000E+00    +0.000000E+00   0.000000E+00      hfr  
  +1.496012E+01      2.992000E-03     0       +2.00      2.731994E-05    0.000000E+00    2.856107E-03    1.807000E-03    +3.484570E-14   0.000000E+00    +0.000000E+00   0.000000E+00      hfr  
  +1.525553E+01      3.051000E-03     0       +2.00      1.683074E-05    0.000000E+00    2.856107E-03    1.807000E-03    +4.929440E-14   0.000000E+00    +0.000000E+00   0.000000E+00      hfr  
  +1.595969E+01      3.192000E-03     0       +1.00      1.543971E-05    0.000000E+00    2.885084E-03    1.825000E-03    +1.455690E-13   0.000000E+00    +0.000000E+00   0.000000E+00      hfr  
  +1.610298E+01      3.221000E-03     0       +2.00      5.341914E-04    8.000000E-06    2.856107E-03    1.807000E-03    +9.761030E-14   0.000000E+00    +0.000000E+00   0.000000E+00      hfr  
  +1.617732E+01      3.235000E-03     1       +3.00      5.640096E-08    0.000000E+00    2.818964E-03    1.783000E-03    +4.208650E-14   0.000000E+00    +0.000000E+00   0.000000E+00      hfr  
  +1.685532E+01      3.371000E-03     0       +2.00      3.705042E-04    6.000000E-06    2.856107E-03    1.807000E-03    +3.087550E-13   0.000000E+00    +0.000000E+00   0.000000E+00      hfr  
  +1.686405E+01      3.373000E-03     0       +1.00      6.878037E-06    0.000000E+00    2.885084E-03    1.825000E-03    +3.893850E-13   0.000000E+00    +0.000000E+00   0.000000E+00      hfr  
  +1.710936E+01      3.422000E-03     0       +2.00      6.935266E-05    1.000000E-06    2.856107E-03    1.807000E-03    +8.560490E-14   0.000000E+00    +0.000000E+00   0.000000E+00      hfr  
  +1.751455E+01      3.503000E-03     0       +1.00      5.636648E-04    9.000000E-06    2.885084E-03    1.825000E-03    +1.113440E-13   0.000000E+00    +0.000000E+00   0.000000E+00      hfr  
  +1.781764E+01      3.564000E-03     0       +2.00      6.532798E-06    0.000000E+00    2.856107E-03    1.807000E-03    +1.615810E-14   0.000000E+00    +0.000000E+00   0.000000E+00      hfr  
  +1.821286E+01      3.643000E-03     1       +0.00      1.594528E-07    0.000000E+00    2.904646E-03    1.838000E-03    +2.834740E-13   0.000000E+00    +0.000000E+00   0.000000E+00      hfr  
  +1.896836E+01      3.794000E-03     0       +2.00      1.813312E-04    3.000000E-06    2.856107E-03    1.807000E-03    +5.202370E-13   0.000000E+00    +0.000000E+00   0.000000E+00      hfr  
  +1.920782E+01      3.842000E-03     0       +2.00      9.114800E-06    0.000000E+00    2.856107E-03    1.807000E-03    +1.832920E-13   0.000000E+00    +0.000000E+00   0.000000E+00      hfr  
  +1.930079E+01      3.860000E-03     0       +1.00      1.112366E-04    2.000000E-06    2.885084E-03    1.825000E-03    +5.644360E-14   0.000000E+00    +0.000000E+00   0.000000E+00      hfr  
  +1.985612E+01      3.971000E-03     0       +2.00      1.038875E-05    0.000000E+00    2.856107E-03    1.807000E-03    +8.067520E-14   0.000000E+00    +0.000000E+00   0.000000E+00      hfr  
  +2.015339E+01      4.031000E-03     1       +3.00      3.978023E-08    0.000000E+00    2.818964E-03    1.783000E-03    +1.705800E-13   0.000000E+00    +0.000000E+00   0.000000E+00      hfr  
  +2.054564E+01      4.109000E-03     0       +1.00      1.233131E-05    0.000000E+00    2.885084E-03    1.825000E-03    +6.440370E-13   0.000000E+00    +0.000000E+00   0.000000E+00      hfr  
  +2.059250E+01      4.119000E-03     0       +2.00      4.224541E-06    0.000000E+00    2.856107E-03    1.807000E-03    +5.431270E-14   0.000000E+00    +0.000000E+00   0.000000E+00      hfr  
  +2.079235E+01      4.158000E-03     1       +3.00      4.490036E-08    0.000000E+00    2.818964E-03    1.783000E-03    +2.236900E-13   0.000000E+00    +0.000000E+00   0.000000E+00      hfr  
  +2.095445E+01      4.191000E-03     0       +1.00      3.468432E-07    0.000000E+00    2.885084E-03    1.825000E-03    +2.388860E-13   0.000000E+00    +0.000000E+00   0.000000E+00      hfr  
  +2.112771E+01      4.226000E-03     1       +1.00      3.206330E-08    0.000000E+00    2.891126E-03    1.829000E-03    +5.790650E-13   0.000000E+00    +0.000000E+00   0.000000E+00      hfr  
  +2.183672E+01      4.367000E-03     1       +0.00      2.814052E-07    0.000000E+00    2.904646E-03    1.838000E-03    +3.435390E-14   0.000000E+00    +0.000000E+00   0.000000E+00      hfr  
  +2.208237E+01      4.416000E-03     0       +2.00      9.061714E-05    1.000000E-06    2.856107E-03    1.807000E-03    +2.205460E-14   0.000000E+00    +0.000000E+00   0.000000E+00      hfr  
  +2.210130E+01      4.420000E-03     1       +2.00      5.688952E-08    0.000000E+00    2.861399E-03    1.810000E-03    +1.940320E-14   0.000000E+00    +0.000000E+00   0.000000E+00      hfr  
  +2.284790E+01      4.570000E-03     1       +2.00      1.185576E-07    0.000000E+00    2.861399E-03    1.810000E-03    +7.875460E-14   0.000000E+00    +0.000000E+00   0.000000E+00      hfr  
  +2.296660E+01      4.593000E-03     0       +2.00      1.264932E-03    2.000000E-05    2.856107E-03    1.807000E-03    +1.287340E-13   0.000000E+00    +0.000000E+00   0.000000E+00      hfr  
  +2.342854E+01      4.686000E-03     0       +1.00      5.124080E-04    8.000000E-06    2.885084E-03    1.825000E-03    +4.945870E-13   0.000000E+00    +0.000000E+00   0.000000E+00      hfr  
  +2.350989E+01      4.702000E-03     0       +1.00      2.395009E-05    0.000000E+00    2.885084E-03    1.825000E-03    +4.723990E-14   0.000000E+00    +0.000000E+00   0.000000E+00      hfr  
  +2.358398E+01      4.717000E-03     0       +2.00      4.419290E-07    0.000000E+00    2.856107E-03    1.807000E-03    +4.487910E-13   0.000000E+00    +0.000000E+00   0.000000E+00      hfr  
  +2.364211E+01      4.728000E-03     1       +3.00      4.071522E-08    0.000000E+00    2.818964E-03    1.783000E-03    +3.236280E-13   0.000000E+00    +0.000000E+00   0.000000E+00      hfr  
  +2.390054E+01      4.780000E-03     0       +2.00      1.552632E-05    0.000000E+00    2.856107E-03    1.807000E-03    +1.074060E-15   0.000000E+00    +0.000000E+00   0.000000E+00      hfr  
  +2.456096E+01      4.912000E-03     0       +1.00      2.331708E-04    4.000000E-06    2.885084E-03    1.825000E-03    +3.460670E-14   0.000000E+00    +0.000000E+00   0.000000E+00      hfr  
  +2.464884E+01      4.930000E-03     1       +2.00      2.561860E-08    0.000000E+00    2.861399E-03    1.810000E-03    +5.144030E-15   0.000000E+00    +0.000000E+00   0.000000E+00      hfr  
  +2.467089E+01      4.934000E-03     0       +2.00      1.306369E-04    2.000000E-06    2.856107E-03    1.807000E-03    +1.225320E-13   0.000000E+00    +0.000000E+00   0.000000E+00      hfr  
  +2.513943E+01      5.028000E-03     1       +3.00      2.955545E-08    0.000000E+00    2.818964E-03    1.783000E-03    +8.622080E-14   0.000000E+00    +0.000000E+00   0.000000E+00      hfr  
  +2.526885E+01      5.054000E-03     0       +1.00      3.983123E-04    6.000000E-06    2.885084E-03    1.825000E-03    +1.918060E-12   0.000000E+00    +0.000000E+00   0.000000E+00      hfr  
  +2.527707E+01      5.055000E-03     1       +1.00      1.692818E-07    0.000000E+00    2.891126E-03    1.829000E-03    +1.523720E-13   0.000000E+00    +0.000000E+00   0.000000E+00      hfr  
  +2.564765E+01      5.130000E-03     0       +2.00      1.935872E-07    0.000000E+00    2.856107E-03    1.807000E-03    +7.528260E-14   0.000000E+00    +0.000000E+00   0.000000E+00      hfr  
  +2.588578E+01      5.177000E-03     1       +0.00      5.265010E-08    0.000000E+00    2.904646E-03    1.838000E-03    +7.295760E-14   0.000000E+00    +0.000000E+00   0.000000E+00      hfr  
  +2.608856E+01      5.218000E-03     1       +2.00      6.516831E-08    0.000000E+00    2.861399E-03    1.810000E-03    +2.574920E-13   0.000000E+00    +0.000000E+00   0.000000E+00      hfr  
  +2.634670E+01      5.269000E-03     0       +2.00      5.758104E-04    9.000000E-06    2.856107E-03    1.807000E-03    +9.492830E-13   0.000000E+00    +0.000000E+00   0.000000E+00      hfr  
  +2.673367E+01      5.347000E-03     1       +1.00      9.505875E-08    0.000000E+00    2.891126E-03    1.829000E-03    +2.438770E-13   0.000000E+00    +0.000000E+00   0.000000E+00      hfr  
  +2.678464E+01      5.357000E-03     0       +1.00      5.828431E-06    0.000000E+00    2.885084E-03    1.825000E-03    +2.739940E-14   0.000000E+00    +0.000000E+00   0.000000E+00      hfr  
  +2.681454E+01      5.363000E-03     0       +2.00      1.717552E-04    3.000000E-06    2.856107E-03    1.807000E-03    +1.804370E-14   0.000000E+00    +0.000000E+00   0.000000E+00      hfr  
  +2.772550E+01      5.545000E-03     0       +1.00      4.658198E-05    1.000000E-06    2.885084E-03    1.825000E-03    +3.641940E-13   0.000000E+00    +0.000000E+00   0.000000E+00      hfr  
  +2.782733E+01      5.565000E-03     0       +2.00      2.953191E-06    0.000000E+00    2.856107E-03    1.807000E-03    +8.756150E-13   0.000000E+00    +0.000000E+00   0.000000E+00      hfr  
  +2.833550E+01      5.667000E-03     1       +3.00      6.434887E-08    0.000000E+00    2.818964E-03    1.783000E-03    +1.147470E-13   0.000000E+00    +0.000000E+00   0.000000E+00      hfr  
  +2.894002E+01      5.788000E-03     1       +2.00      7.339855E-08    0.000000E+00    2.861399E-03    1.810000E-03    +6.158610E-14   0.000000E+00    +0.000000E+00   0.000000E+00      hfr  
  +2.922895E+01      5.846000E-03     0       +2.00      1.187006E-04    2.000000E-06    2.856107E-03    1.807000E-03    +1.493780E-13   0.000000E+00    +0.000000E+00   0.000000E+00      hfr  
  +2.925800E+01      5.852000E-03     0       +1.00      2.033418E-06    0.000000E+00    2.885084E-03    1.825000E-03    +5.486190E-13   0.000000E+00    +0.000000E+00   0.000000E+00      hfr  
  +2.953189E+01      5.906000E-03     1       +1.00      6.516838E-08    0.000000E+00    2.891126E-03    1.829000E-03    +1.666520E-13   0.000000E+00    +0.000000E+00   0.000000E+00      hfr  
  +2.982710E+01      5.965000E-03     0       +2.00      5.624506E-05    1.000000E-06    2.856107E-03    1.807000E-03    +5.540280E-13   0.000000E+00    +0.000000E+00   0.000000E+00      hfr  
