# D. Rochman  TARES version 1.8 , Villigen   , Switzerland
# Time: Fri Oct  9 12:55:57 2026
#                        
# Element                            : Ge
# Z                                  : 32
# A                                  : 68
# I                                  : 0
# Half-life                   [days ]: 271.065 
# Data origin                        : TARES
# Formalism                          : Multi-level Breit-Wigner
# Emin (RRR)                     [eV]: 1e-5  
# Emax (RRR)                     [eV]: 1.638161E+04 
# Emax2 (background)             [eV]: 2.500000E+04 
# Number of resonances (<Emax)       : 93
# Number of resonances (<Emax2)      : 100
# Thermal  (n,g) xs (calculated) [b.]: 1.179360E+00 
# Thermal  (n,g) xs (experiment) [b.]: 1 +/- 0.5 
# Ress Int. (n,g) (systematics)  [b.]: 4.229620E+00 
# MACS 30 keV (calculated)       [b.]: 1.164700E-01
# Westcott factor (calculated)       : 1.000560E+00
#
# Thermal (n,el) xs (systema.)   [b.]: 3.900310E+00 
# Res. Int (n,el) (calculated)   [b.]: 1.083480E+02 
#
# Scattering radius              [fm]: 5.43 +/- 0.33 
#
# Average Gtotal   l=0           [eV]: 1.093680E+01 
# Average reduced (Gn^0) Gn l=0  [eV]: 1.482080E-01 
# Average Gg       l=0           [eV]: 2.853110E-01 
# Average level spacing D0 (l=0) [eV]: 1.260120E+03 
# Neutron strength function S0 (l=0) : 1.266610E-04 
#
# Average Gtotal   l=1           [eV]: 3.659440E-01 
# Average reduced (Gn^1) Gn l=1  [eV]: 9.672120E-02 
# Average Gg       l=1           [eV]: 2.616640E-01 
# Average level spacing D1 (l=1) [eV]: 6.300620E+02 
# Neutron strength function S1 (l=1) : 8.412220E-05 
#
# Average Gtotal   l=2           [eV]: 2.814390E-01 
# Average reduced (Gn^2) Gn l=2  [eV]: 3.249130E-01 
# Average Gg       l=2           [eV]: 2.806670E-01 
# Average level spacing D2 (l=2) [eV]: 4.550450E+02 
# Neutron strength function S2 (l=2) : 3.368910E-04 
#
#
#          
#   Energy (eV)     +/- DE (eV)       l         J          Gn (eV)       +/- DGn (eV)       Gg (eV)      +/- DGg (eV)       Gf1 (eV)     +/- DGf1 (eV)       Gf2 (eV)     +/- DGf2 (eV)    Origin  
#<---------------><---------------><-----><-----------><--------------><--------------><--------------><--------------><--------------><--------------><---------------><--------------><---------->
  -3.343783E+03      6.687570E-01     0       +0.50      6.957829E+01    7.025570E-01    2.780506E-01    1.123030E-01    +0.000000E+00   0.000000E+00    +0.000000E+00   0.000000E+00      hfr  
  -2.914457E+03      5.828910E-01     1       +1.50      3.389929E-02    3.420000E-04    2.642347E-01    1.067230E-01    +0.000000E+00   0.000000E+00    +0.000000E+00   0.000000E+00      hfr  
  -2.754965E+03      5.509930E-01     1       +0.50      2.939483E-03    3.000000E-05    2.752365E-01    1.111670E-01    +0.000000E+00   0.000000E+00    +0.000000E+00   0.000000E+00      hfr  
  -2.380590E+03      4.761180E-01     0       +0.50      1.117449E-01    1.128000E-03    3.288714E-01    1.328290E-01    +0.000000E+00   0.000000E+00    +0.000000E+00   0.000000E+00      hfr  
  -1.767836E+03      3.535670E-01     2       +1.50      1.808452E-06    0.000000E+00    3.057799E-01    1.235030E-01    +0.000000E+00   0.000000E+00    +0.000000E+00   0.000000E+00      hfr  
  -1.473814E+03      2.947630E-01     1       +0.50      4.494358E-05    0.000000E+00    2.752365E-01    1.111670E-01    +0.000000E+00   0.000000E+00    +0.000000E+00   0.000000E+00      hfr  
  -1.321094E+03      2.642190E-01     2       +2.50      3.651463E-07    0.000000E+00    2.615340E-01    1.056320E-01    +0.000000E+00   0.000000E+00    +0.000000E+00   0.000000E+00      hfr  
  -1.296316E+03      2.592630E-01     1       +1.50      4.413879E-06    0.000000E+00    2.642347E-01    1.067230E-01    +0.000000E+00   0.000000E+00    +0.000000E+00   0.000000E+00      hfr  
  -1.156467E+03      2.312930E-01     2       +1.50      3.310884E-06    0.000000E+00    3.057799E-01    1.235030E-01    +0.000000E+00   0.000000E+00    +0.000000E+00   0.000000E+00      hfr  
  -1.041734E+03      2.083470E-01     0       +0.50      1.359101E+01    1.372330E-01    2.780506E-01    1.123030E-01    +0.000000E+00   0.000000E+00    +0.000000E+00   0.000000E+00      hfr  
  -7.802732E+02      1.560550E-01     2       +2.50      7.258496E-07    0.000000E+00    2.615340E-01    1.056320E-01    +0.000000E+00   0.000000E+00    +0.000000E+00   0.000000E+00      hfr  
  -6.861951E+02      1.372390E-01     1       +0.50      3.020593E-03    3.100000E-05    2.752365E-01    1.111670E-01    +0.000000E+00   0.000000E+00    +0.000000E+00   0.000000E+00      hfr  
  -6.191853E+02      1.238370E-01     1       +1.50      2.618566E-03    2.600000E-05    2.642347E-01    1.067230E-01    +0.000000E+00   0.000000E+00    +0.000000E+00   0.000000E+00      hfr  
  -5.531326E+02      1.106270E-01     2       +1.50      2.990703E-07    0.000000E+00    3.057799E-01    1.235030E-01    +0.000000E+00   0.000000E+00    +0.000000E+00   0.000000E+00      hfr  
  -3.400544E+02      6.801100E-02     2       +2.50      2.514927E-09    0.000000E+00    2.615340E-01    1.056320E-01    +0.000000E+00   0.000000E+00    +0.000000E+00   0.000000E+00      hfr  
  +6.577183E+02      1.315440E-01     0       +0.50      3.666448E+00    3.702100E-02    2.780506E-01    1.123030E-01    +0.000000E+00   0.000000E+00    +0.000000E+00   0.000000E+00      hfr  
  +1.023848E+03      2.047700E-01     1       +1.50      4.484320E-03    4.500000E-05    2.642347E-01    1.067230E-01    +0.000000E+00   0.000000E+00    +0.000000E+00   0.000000E+00      hfr  
  +1.208859E+03      2.417720E-01     1       +1.50      1.477008E-02    1.490000E-04    2.642347E-01    1.067230E-01    +0.000000E+00   0.000000E+00    +0.000000E+00   0.000000E+00      hfr  
  +1.516567E+03      3.033130E-01     2       +1.50      2.954264E-05    0.000000E+00    3.057799E-01    1.235030E-01    +0.000000E+00   0.000000E+00    +0.000000E+00   0.000000E+00      hfr  
  +1.727645E+03      3.455290E-01     0       +0.50      1.421758E+01    1.435600E-01    2.780506E-01    1.123030E-01    +0.000000E+00   0.000000E+00    +0.000000E+00   0.000000E+00      hfr  
  +3.185799E+03      6.371600E-01     2       +1.50      4.843509E-05    0.000000E+00    3.057799E-01    1.235030E-01    +0.000000E+00   0.000000E+00    +0.000000E+00   0.000000E+00      hfr  
  +3.530762E+03      7.061520E-01     0       +0.50      3.584359E+01    3.619260E-01    2.780506E-01    1.123030E-01    +0.000000E+00   0.000000E+00    +0.000000E+00   0.000000E+00      hfr  
  +3.585098E+03      7.170200E-01     2       +2.50      5.477967E-05    1.000000E-06    2.615340E-01    1.056320E-01    +0.000000E+00   0.000000E+00    +0.000000E+00   0.000000E+00      hfr  
  +3.698190E+03      7.396380E-01     1       +0.50      1.759413E-02    1.780000E-04    2.752365E-01    1.111670E-01    +0.000000E+00   0.000000E+00    +0.000000E+00   0.000000E+00      hfr  
  +4.012727E+03      8.025450E-01     1       +1.50      1.434155E-02    1.450000E-04    2.642347E-01    1.067230E-01    +0.000000E+00   0.000000E+00    +0.000000E+00   0.000000E+00      hfr  
  +4.072163E+03      8.144330E-01     1       +1.50      3.439782E-02    3.470000E-04    2.642347E-01    1.067230E-01    +0.000000E+00   0.000000E+00    +0.000000E+00   0.000000E+00      hfr  
  +4.117123E+03      8.234250E-01     2       +2.50      2.910913E-05    0.000000E+00    2.615340E-01    1.056320E-01    +0.000000E+00   0.000000E+00    +0.000000E+00   0.000000E+00      hfr  
  +4.738399E+03      9.476800E-01     1       +1.50      2.372313E-02    2.400000E-04    2.642347E-01    1.067230E-01    +0.000000E+00   0.000000E+00    +0.000000E+00   0.000000E+00      hfr  
  +4.961215E+03      9.922430E-01     0       +0.50      1.391592E+01    1.405140E-01    2.780506E-01    1.123030E-01    +0.000000E+00   0.000000E+00    +0.000000E+00   0.000000E+00      hfr  
  +4.982126E+03      9.964250E-01     2       +2.50      5.202174E-05    1.000000E-06    2.615340E-01    1.056320E-01    +0.000000E+00   0.000000E+00    +0.000000E+00   0.000000E+00      hfr  
  +5.290689E+03      1.058138E+00     2       +1.50      1.055747E-04    1.000000E-06    3.057799E-01    1.235030E-01    +0.000000E+00   0.000000E+00    +0.000000E+00   0.000000E+00      hfr  
  +5.533007E+03      1.106601E+00     2       +2.50      2.119999E-05    0.000000E+00    2.615340E-01    1.056320E-01    +0.000000E+00   0.000000E+00    +0.000000E+00   0.000000E+00      hfr  
  +5.654264E+03      1.130853E+00     1       +0.50      5.432319E-02    5.490000E-04    2.752365E-01    1.111670E-01    +0.000000E+00   0.000000E+00    +0.000000E+00   0.000000E+00      hfr  
  +5.827411E+03      1.165482E+00     1       +1.50      3.065972E-01    3.096000E-03    2.234022E-01    9.023100E-02    +0.000000E+00   0.000000E+00    +0.000000E+00   0.000000E+00      hfr  
  +5.969192E+03      1.193838E+00     1       +1.50      4.004506E-02    4.040000E-04    2.642347E-01    1.067230E-01    +0.000000E+00   0.000000E+00    +0.000000E+00   0.000000E+00      hfr  
  +6.238682E+03      1.247736E+00     0       +0.50      9.839981E-01    9.936000E-03    2.780506E-01    1.123030E-01    +0.000000E+00   0.000000E+00    +0.000000E+00   0.000000E+00      hfr  
  +6.557622E+03      1.311524E+00     2       +2.50      5.113678E-05    1.000000E-06    2.615340E-01    1.056320E-01    +0.000000E+00   0.000000E+00    +0.000000E+00   0.000000E+00      hfr  
  +6.773636E+03      1.354727E+00     2       +1.50      8.849998E-04    9.000000E-06    3.057799E-01    1.235030E-01    +0.000000E+00   0.000000E+00    +0.000000E+00   0.000000E+00      hfr  
  +6.814275E+03      1.362855E+00     2       +2.50      4.988457E-05    1.000000E-06    2.615340E-01    1.056320E-01    +0.000000E+00   0.000000E+00    +0.000000E+00   0.000000E+00      hfr  
  +7.079772E+03      1.415954E+00     1       +0.50      8.365421E-02    8.450000E-04    2.752365E-01    1.111670E-01    +0.000000E+00   0.000000E+00    +0.000000E+00   0.000000E+00      hfr  
  +7.381998E+03      1.476400E+00     0       +0.50      2.359728E+01    2.382700E-01    2.780506E-01    1.123030E-01    +0.000000E+00   0.000000E+00    +0.000000E+00   0.000000E+00      hfr  
  +7.540742E+03      1.508148E+00     1       +1.50      1.160838E-01    1.172000E-03    2.642347E-01    1.067230E-01    +0.000000E+00   0.000000E+00    +0.000000E+00   0.000000E+00      hfr  
  +7.719523E+03      1.543905E+00     2       +1.50      6.583330E-04    7.000000E-06    3.057799E-01    1.235030E-01    +0.000000E+00   0.000000E+00    +0.000000E+00   0.000000E+00      hfr  
  +7.954943E+03      1.590989E+00     1       +0.50      3.301295E-02    3.330000E-04    2.752365E-01    1.111670E-01    +0.000000E+00   0.000000E+00    +0.000000E+00   0.000000E+00      hfr  
  +8.400237E+03      1.680047E+00     1       +1.50      6.271948E-03    6.300000E-05    2.642347E-01    1.067230E-01    +0.000000E+00   0.000000E+00    +0.000000E+00   0.000000E+00      hfr  
  +8.443119E+03      1.688624E+00     2       +1.50      1.042215E-03    1.100000E-05    3.057799E-01    1.235030E-01    +0.000000E+00   0.000000E+00    +0.000000E+00   0.000000E+00      hfr  
  +8.450506E+03      1.690101E+00     2       +2.50      2.628284E-05    0.000000E+00    2.615340E-01    1.056320E-01    +0.000000E+00   0.000000E+00    +0.000000E+00   0.000000E+00      hfr  
  +8.899948E+03      1.779990E+00     1       +1.50      4.359931E-02    4.400000E-04    2.642347E-01    1.067230E-01    +0.000000E+00   0.000000E+00    +0.000000E+00   0.000000E+00      hfr  
  +9.076427E+03      1.815285E+00     0       +0.50      4.758203E+00    4.804500E-02    2.780506E-01    1.123030E-01    +0.000000E+00   0.000000E+00    +0.000000E+00   0.000000E+00      hfr  
  +9.207107E+03      1.841421E+00     2       +2.50      1.318810E-03    1.300000E-05    2.615340E-01    1.056320E-01    +0.000000E+00   0.000000E+00    +0.000000E+00   0.000000E+00      hfr  
  +9.364906E+03      1.872981E+00     1       +0.50      3.308221E-01    3.340000E-03    2.327039E-01    9.398800E-02    +0.000000E+00   0.000000E+00    +0.000000E+00   0.000000E+00      hfr  
  +9.398612E+03      1.879722E+00     2       +2.50      7.366968E-05    1.000000E-06    2.615340E-01    1.056320E-01    +0.000000E+00   0.000000E+00    +0.000000E+00   0.000000E+00      hfr  
  +9.676684E+03      1.935337E+00     2       +1.50      3.189576E-05    0.000000E+00    3.057799E-01    1.235030E-01    +0.000000E+00   0.000000E+00    +0.000000E+00   0.000000E+00      hfr  
  +9.954519E+03      1.990904E+00     1       +1.50      2.785184E-02    2.810000E-04    2.642347E-01    1.067230E-01    +0.000000E+00   0.000000E+00    +0.000000E+00   0.000000E+00      hfr  
  +1.045833E+04      2.091666E+00     0       +0.50      1.028515E+00    1.038500E-02    2.780506E-01    1.123030E-01    +0.000000E+00   0.000000E+00    +0.000000E+00   0.000000E+00      hfr  
  +1.049998E+04      2.099996E+00     2       +2.50      1.152747E-04    1.000000E-06    2.615340E-01    1.056320E-01    +0.000000E+00   0.000000E+00    +0.000000E+00   0.000000E+00      hfr  
  +1.064409E+04      2.128818E+00     2       +1.50      4.549487E-03    4.600000E-05    3.057799E-01    1.235030E-01    +0.000000E+00   0.000000E+00    +0.000000E+00   0.000000E+00      hfr  
  +1.083308E+04      2.166616E+00     0       +0.50      6.767718E+00    6.833600E-02    2.780506E-01    1.123030E-01    +0.000000E+00   0.000000E+00    +0.000000E+00   0.000000E+00      hfr  
  +1.090252E+04      2.180504E+00     2       +2.50      3.063547E-05    0.000000E+00    2.615340E-01    1.056320E-01    +0.000000E+00   0.000000E+00    +0.000000E+00   0.000000E+00      hfr  
  +1.100106E+04      2.200212E+00     1       +0.50      6.245879E-03    6.300000E-05    2.752365E-01    1.111670E-01    +0.000000E+00   0.000000E+00    +0.000000E+00   0.000000E+00      hfr  
  +1.107673E+04      2.215346E+00     1       +0.50      1.956088E-02    1.980000E-04    2.752365E-01    1.111670E-01    +0.000000E+00   0.000000E+00    +0.000000E+00   0.000000E+00      hfr  
  +1.127855E+04      2.255710E+00     2       +2.50      6.568760E-04    7.000000E-06    2.615340E-01    1.056320E-01    +0.000000E+00   0.000000E+00    +0.000000E+00   0.000000E+00      hfr  
  +1.148214E+04      2.296428E+00     0       +0.50      1.406059E+01    1.419750E-01    2.780506E-01    1.123030E-01    +0.000000E+00   0.000000E+00    +0.000000E+00   0.000000E+00      hfr  
  +1.169572E+04      2.339144E+00     1       +1.50      5.216560E-02    5.270000E-04    2.642347E-01    1.067230E-01    +0.000000E+00   0.000000E+00    +0.000000E+00   0.000000E+00      hfr  
  +1.184073E+04      2.368146E+00     1       +1.50      2.787018E-02    2.810000E-04    2.642347E-01    1.067230E-01    +0.000000E+00   0.000000E+00    +0.000000E+00   0.000000E+00      hfr  
  +1.210078E+04      2.420156E+00     2       +1.50      1.040175E-03    1.100000E-05    3.057799E-01    1.235030E-01    +0.000000E+00   0.000000E+00    +0.000000E+00   0.000000E+00      hfr  
  +1.244378E+04      2.488756E+00     2       +2.50      2.890210E-05    0.000000E+00    2.615340E-01    1.056320E-01    +0.000000E+00   0.000000E+00    +0.000000E+00   0.000000E+00      hfr  
  +1.247577E+04      2.495154E+00     1       +1.50      3.302284E-02    3.330000E-04    2.642347E-01    1.067230E-01    +0.000000E+00   0.000000E+00    +0.000000E+00   0.000000E+00      hfr  
  +1.265094E+04      2.530188E+00     2       +1.50      5.403930E-04    5.000000E-06    3.057799E-01    1.235030E-01    +0.000000E+00   0.000000E+00    +0.000000E+00   0.000000E+00      hfr  
  +1.305880E+04      2.611760E+00     2       +2.50      9.957908E-04    1.000000E-05    2.615340E-01    1.056320E-01    +0.000000E+00   0.000000E+00    +0.000000E+00   0.000000E+00      hfr  
  +1.309609E+04      2.619218E+00     2       +1.50      1.648711E-03    1.700000E-05    3.057799E-01    1.235030E-01    +0.000000E+00   0.000000E+00    +0.000000E+00   0.000000E+00      hfr  
  +1.319246E+04      2.638492E+00     1       +1.50      2.781136E-02    2.810000E-04    2.642347E-01    1.067230E-01    +0.000000E+00   0.000000E+00    +0.000000E+00   0.000000E+00      hfr  
  +1.321970E+04      2.643940E+00     2       +2.50      8.486235E-05    1.000000E-06    2.615340E-01    1.056320E-01    +0.000000E+00   0.000000E+00    +0.000000E+00   0.000000E+00      hfr  
  +1.323608E+04      2.647216E+00     0       +0.50      2.775202E-03    2.800000E-05    3.288714E-01    1.328290E-01    +0.000000E+00   0.000000E+00    +0.000000E+00   0.000000E+00      hfr  
  +1.337809E+04      2.675618E+00     1       +0.50      7.485086E-01    7.558000E-03    2.327039E-01    9.398800E-02    +0.000000E+00   0.000000E+00    +0.000000E+00   0.000000E+00      hfr  
  +1.369512E+04      2.739024E+00     2       +1.50      2.503683E-03    2.500000E-05    3.057799E-01    1.235030E-01    +0.000000E+00   0.000000E+00    +0.000000E+00   0.000000E+00      hfr  
  +1.394019E+04      2.788038E+00     2       +2.50      2.960112E-04    3.000000E-06    2.615340E-01    1.056320E-01    +0.000000E+00   0.000000E+00    +0.000000E+00   0.000000E+00      hfr  
  +1.411949E+04      2.823898E+00     1       +1.50      1.362145E-01    1.375000E-03    2.642347E-01    1.067230E-01    +0.000000E+00   0.000000E+00    +0.000000E+00   0.000000E+00      hfr  
  +1.412365E+04      2.824730E+00     2       +2.50      1.699456E-04    2.000000E-06    2.615340E-01    1.056320E-01    +0.000000E+00   0.000000E+00    +0.000000E+00   0.000000E+00      hfr  
  +1.428835E+04      2.857670E+00     0       +0.50      4.140364E+00    4.180700E-02    2.780506E-01    1.123030E-01    +0.000000E+00   0.000000E+00    +0.000000E+00   0.000000E+00      hfr  
  +1.442910E+04      2.885820E+00     2       +1.50      1.218405E-03    1.200000E-05    3.057799E-01    1.235030E-01    +0.000000E+00   0.000000E+00    +0.000000E+00   0.000000E+00      hfr  
  +1.457636E+04      2.915272E+00     2       +2.50      2.353319E-03    2.400000E-05    2.615340E-01    1.056320E-01    +0.000000E+00   0.000000E+00    +0.000000E+00   0.000000E+00      hfr  
  +1.491630E+04      2.983260E+00     1       +0.50      4.013804E-01    4.053000E-03    2.327039E-01    9.398800E-02    +0.000000E+00   0.000000E+00    +0.000000E+00   0.000000E+00      hfr  
  +1.516990E+04      3.033980E+00     2       +1.50      2.760171E-04    3.000000E-06    3.057799E-01    1.235030E-01    +0.000000E+00   0.000000E+00    +0.000000E+00   0.000000E+00      hfr  
  +1.519246E+04      3.038492E+00     1       +1.50      8.147639E-03    8.200000E-05    2.642347E-01    1.067230E-01    +0.000000E+00   0.000000E+00    +0.000000E+00   0.000000E+00      hfr  
  +1.529388E+04      3.058776E+00     1       +1.50      2.030719E-01    2.050000E-03    2.642347E-01    1.067230E-01    +0.000000E+00   0.000000E+00    +0.000000E+00   0.000000E+00      hfr  
  +1.531400E+04      3.062800E+00     2       +2.50      1.081847E-03    1.100000E-05    2.615340E-01    1.056320E-01    +0.000000E+00   0.000000E+00    +0.000000E+00   0.000000E+00      hfr  
  +1.532424E+04      3.064848E+00     0       +0.50      2.591756E+01    2.616990E-01    2.780506E-01    1.123030E-01    +0.000000E+00   0.000000E+00    +0.000000E+00   0.000000E+00      hfr  
  +1.558047E+04      3.116094E+00     2       +2.50      2.552088E-03    2.600000E-05    2.615340E-01    1.056320E-01    +0.000000E+00   0.000000E+00    +0.000000E+00   0.000000E+00      hfr  
  +1.564184E+04      3.128368E+00     2       +1.50      1.822765E-03    1.800000E-05    3.057799E-01    1.235030E-01    +0.000000E+00   0.000000E+00    +0.000000E+00   0.000000E+00      hfr  
  +1.591001E+04      3.182002E+00     2       +2.50      1.918421E-03    1.900000E-05    2.615340E-01    1.056320E-01    +0.000000E+00   0.000000E+00    +0.000000E+00   0.000000E+00      hfr  
  +1.626010E+04      3.252020E+00     2       +1.50      1.830275E-04    2.000000E-06    3.057799E-01    1.235030E-01    +0.000000E+00   0.000000E+00    +0.000000E+00   0.000000E+00      hfr  
  +1.638161E+04      3.276322E+00     0       +0.50      2.207589E-01    2.229000E-03    3.288714E-01    1.328290E-01    +0.000000E+00   0.000000E+00    +0.000000E+00   0.000000E+00      hfr  
  +1.647466E+04      3.294932E+00     1       +1.50      3.145252E-02    3.180000E-04    2.642347E-01    1.067230E-01    +0.000000E+00   0.000000E+00    +0.000000E+00   0.000000E+00      hfr  
  +1.653973E+04      3.307946E+00     2       +2.50      9.812725E-05    1.000000E-06    2.615340E-01    1.056320E-01    +0.000000E+00   0.000000E+00    +0.000000E+00   0.000000E+00      hfr  
  +1.657783E+04      3.315566E+00     1       +0.50      7.327624E-02    7.400000E-04    2.752365E-01    1.111670E-01    +0.000000E+00   0.000000E+00    +0.000000E+00   0.000000E+00      hfr  
  +1.675764E+04      3.351528E+00     1       +1.50      9.982976E-02    1.008000E-03    2.642347E-01    1.067230E-01    +0.000000E+00   0.000000E+00    +0.000000E+00   0.000000E+00      hfr  
  +1.677913E+04      3.355826E+00     2       +1.50      9.130735E-04    9.000000E-06    3.057799E-01    1.235030E-01    +0.000000E+00   0.000000E+00    +0.000000E+00   0.000000E+00      hfr  
  +1.718291E+04      3.436582E+00     1       +0.50      1.969711E-01    1.989000E-03    2.752365E-01    1.111670E-01    +0.000000E+00   0.000000E+00    +0.000000E+00   0.000000E+00      hfr  
  +1.742077E+04      3.484154E+00     2       +2.50      5.073205E-03    5.100000E-05    2.615340E-01    1.056320E-01    +0.000000E+00   0.000000E+00    +0.000000E+00   0.000000E+00      hfr  
