# D. Rochman  TARES version 1.8 , Villigen   , Switzerland
# Time: Wed Oct  7 09:56:35 2026
#                        
# Element                            : Ag
# Z                                  : 47
# A                                  : 110
# I                                  : 1
# Half-life                   [days ]: 249.884 
# Data origin                        : TARES
# Formalism                          : Multi-level Breit-Wigner
# Emin (RRR)                     [eV]: 1e-5  
# Emax (RRR)                     [eV]: 1.573559E+02 
# Emax2 (background)             [eV]: 1.573559E+02 
# Number of resonances (<Emax)       : 11
# Number of resonances (<Emax2)      : 100
# Thermal  (n,g) xs (calculated) [b.]: 8.236130E+01 
# Thermal  (n,g) xs (experiment) [b.]: 82 +/- 11 
# Res. Int (n,g) (calculated)    [b.]: 7.736210E+01  
# Res. Int (n,g) (experiment)    [b.]: 31 +/- 4 
# MACS 30 keV (calculated)       [b.]: 2.492100E+00
# Westcott factor (calculated)       : 9.874100E-01
#
# Thermal (n,el) xs (systema.)   [b.]: 5.838900E+00 
# Res. Int (n,el) (calculated)   [b.]: 2.957420E+01 
#
# Scattering radius              [fm]: 6.37 +/- 0.38 
#
# Average Gtotal   l=0           [eV]: 1.056470E-01 
# Average reduced (Gn^0) Gn l=0  [eV]: 1.656710E-04 
# Average Gg       l=0           [eV]: 1.038460E-01 
# Average level spacing D0 (l=0) [eV]: 3.576270E+00 
# Neutron strength function S0 (l=0) : 2.392410E-05 
#
# Average Gtotal   l=1           [eV]: 9.178940E-02 
# Average reduced (Gn^1) Gn l=1  [eV]: 1.843710E-03 
# Average Gg       l=1           [eV]: 9.178360E-02 
# Average level spacing D1 (l=1) [eV]: 3.026070E+00 
# Neutron strength function S1 (l=1) : 1.039170E-04 
#
# Average Gtotal   l=2           [eV]: 8.795250E-02 
# Average reduced (Gn^2) Gn l=2  [eV]: 9.224030E-04 
# Average Gg       l=2           [eV]: 8.795250E-02 
# Neutron strength function S2 (l=2) : 4.966790E-04 
#
#
#          
#   Energy (eV)     +/- DE (eV)       l         J          Gn (eV)       +/- DGn (eV)       Gg (eV)      +/- DGg (eV)       Gf1 (eV)     +/- DGf1 (eV)       Gf2 (eV)     +/- DGf2 (eV)    Origin  
#<---------------><---------------><-----><-----------><--------------><--------------><--------------><--------------><--------------><--------------><---------------><--------------><---------->
  -1.740000E+00      3.930000E-04     0       +6.50      1.011743E-03    9.300000E-05    1.480000E-01    1.000000E-02    +0.000000E+00   0.000000E+00    +0.000000E+00   0.000000E+00     evaluated 
  +1.154000E+01      5.000000E-02     0       +6.50      2.414286E-04    4.642857E-05    1.480000E-01    7.400000E-03    +0.000000E+00   0.000000E+00    +0.000000E+00   0.000000E+00     evaluated 
  +1.945000E+01      1.300000E-01     0       +5.50      1.235000E-03    2.708333E-04    1.480000E-01    7.400000E-03    +0.000000E+00   0.000000E+00    +0.000000E+00   0.000000E+00     evaluated 
  +2.120000E+01      1.500000E-01     0       +6.50      1.207143E-03    1.857143E-04    1.480000E-01    7.400000E-03    +0.000000E+00   0.000000E+00    +0.000000E+00   0.000000E+00     evaluated 
  +2.650000E+01      2.000000E-01     0       +6.50      5.107143E-04    1.114286E-04    1.480000E-01    7.400000E-03    +0.000000E+00   0.000000E+00    +0.000000E+00   0.000000E+00     evaluated 
  +4.570000E+01      5.000000E-01     0       +5.50      1.300000E-03    4.333334E-04    1.480000E-01    7.400000E-03    +0.000000E+00   0.000000E+00    +0.000000E+00   0.000000E+00     evaluated 
  +5.850000E+01      7.000000E-01     0       +5.50      9.316667E-04    4.550000E-04    1.480000E-01    7.400000E-03    +0.000000E+00   0.000000E+00    +0.000000E+00   0.000000E+00     evaluated 
  +6.250000E+01      7.000000E-01     0       +6.50      9.564286E-04    4.828571E-04    1.480000E-01    7.400000E-03    +0.000000E+00   0.000000E+00    +0.000000E+00   0.000000E+00     evaluated 
  +7.840000E+01      1.100000E+00     0       +5.50      1.191667E-03    8.666667E-04    1.480000E-01    7.400000E-03    +0.000000E+00   0.000000E+00    +0.000000E+00   0.000000E+00     evaluated 
  +9.840000E+01      1.500000E+00     0       +6.50      2.971428E-03    1.485714E-03    1.480000E-01    7.400000E-03    +0.000000E+00   0.000000E+00    +0.000000E+00   0.000000E+00     evaluated 
  +1.202000E+02      1.900000E+00     0       +5.50      3.358333E-03    1.625000E-03    1.480000E-01    7.400000E-03    +0.000000E+00   0.000000E+00    +0.000000E+00   0.000000E+00     evaluated 
  +1.211543E+02      2.734300E-02     0       +6.50      2.830257E-03    1.600000E-05    8.795249E-02    1.985000E-02    +0.000000E+00   0.000000E+00    +0.000000E+00   0.000000E+00      hfr  
  +1.219268E+02      2.751800E-02     1       +5.50      9.679166E-08    0.000000E+00    9.449603E-02    2.132600E-02    +0.000000E+00   0.000000E+00    +0.000000E+00   0.000000E+00      hfr  
  +1.219469E+02      2.752200E-02     0       +6.50      2.346000E-03    1.300000E-05    8.795249E-02    1.985000E-02    +0.000000E+00   0.000000E+00    +0.000000E+00   0.000000E+00      hfr  
  +1.226821E+02      2.768800E-02     1       +4.50      6.451641E-07    0.000000E+00    1.009295E-01    2.277800E-02    +0.000000E+00   0.000000E+00    +0.000000E+00   0.000000E+00      hfr  
  +1.228320E+02      2.772200E-02     0       +5.50      1.143523E-03    6.000000E-06    9.432652E-02    2.128800E-02    +0.000000E+00   0.000000E+00    +0.000000E+00   0.000000E+00      hfr  
  +1.229774E+02      2.775500E-02     1       +7.50      9.052295E-07    0.000000E+00    8.155416E-02    1.840600E-02    +0.000000E+00   0.000000E+00    +0.000000E+00   0.000000E+00      hfr  
  +1.234469E+02      2.786100E-02     0       +6.50      2.949393E-04    2.000000E-06    8.795249E-02    1.985000E-02    +0.000000E+00   0.000000E+00    +0.000000E+00   0.000000E+00      hfr  
  +1.237307E+02      2.792500E-02     1       +6.50      6.313607E-07    0.000000E+00    8.795220E-02    1.985000E-02    +0.000000E+00   0.000000E+00    +0.000000E+00   0.000000E+00      hfr  
  +1.247356E+02      2.815200E-02     0       +5.50      4.050405E-04    2.000000E-06    9.432652E-02    2.128800E-02    +0.000000E+00   0.000000E+00    +0.000000E+00   0.000000E+00      hfr  
  +1.247701E+02      2.815900E-02     1       +4.50      1.715541E-06    0.000000E+00    1.009295E-01    2.277800E-02    +0.000000E+00   0.000000E+00    +0.000000E+00   0.000000E+00      hfr  
  +1.249849E+02      2.820800E-02     1       +5.50      1.971738E-05    0.000000E+00    9.449603E-02    2.132600E-02    +0.000000E+00   0.000000E+00    +0.000000E+00   0.000000E+00      hfr  
  +1.255921E+02      2.834500E-02     1       +7.50      1.728110E-05    0.000000E+00    8.155416E-02    1.840600E-02    +0.000000E+00   0.000000E+00    +0.000000E+00   0.000000E+00      hfr  
  +1.263975E+02      2.852700E-02     1       +5.50      3.101025E-06    0.000000E+00    9.449603E-02    2.132600E-02    +0.000000E+00   0.000000E+00    +0.000000E+00   0.000000E+00      hfr  
  +1.266161E+02      2.857600E-02     1       +4.50      9.697120E-07    0.000000E+00    1.009295E-01    2.277800E-02    +0.000000E+00   0.000000E+00    +0.000000E+00   0.000000E+00      hfr  
  +1.272638E+02      2.872200E-02     0       +6.50      2.575043E-05    0.000000E+00    8.795249E-02    1.985000E-02    +0.000000E+00   0.000000E+00    +0.000000E+00   0.000000E+00      hfr  
  +1.278274E+02      2.884900E-02     1       +6.50      1.262670E-05    0.000000E+00    8.795220E-02    1.985000E-02    +0.000000E+00   0.000000E+00    +0.000000E+00   0.000000E+00      hfr  
  +1.278761E+02      2.886000E-02     0       +6.50      6.364876E-04    4.000000E-06    8.795249E-02    1.985000E-02    +0.000000E+00   0.000000E+00    +0.000000E+00   0.000000E+00      hfr  
  +1.279010E+02      2.886600E-02     1       +4.50      1.096186E-05    0.000000E+00    1.009295E-01    2.277800E-02    +0.000000E+00   0.000000E+00    +0.000000E+00   0.000000E+00      hfr  
  +1.282827E+02      2.895200E-02     0       +5.50      1.901143E-04    1.000000E-06    9.432652E-02    2.128800E-02    +0.000000E+00   0.000000E+00    +0.000000E+00   0.000000E+00      hfr  
  +1.284324E+02      2.898600E-02     1       +6.50      7.741635E-07    0.000000E+00    8.795220E-02    1.985000E-02    +0.000000E+00   0.000000E+00    +0.000000E+00   0.000000E+00      hfr  
  +1.285082E+02      2.900300E-02     1       +5.50      3.684414E-06    0.000000E+00    9.449603E-02    2.132600E-02    +0.000000E+00   0.000000E+00    +0.000000E+00   0.000000E+00      hfr  
  +1.288838E+02      2.908800E-02     0       +5.50      9.248881E-05    1.000000E-06    9.432652E-02    2.128800E-02    +0.000000E+00   0.000000E+00    +0.000000E+00   0.000000E+00      hfr  
  +1.292322E+02      2.916600E-02     1       +7.50      2.220357E-06    0.000000E+00    8.155416E-02    1.840600E-02    +0.000000E+00   0.000000E+00    +0.000000E+00   0.000000E+00      hfr  
  +1.306831E+02      2.949400E-02     0       +6.50      1.066514E-04    1.000000E-06    8.795249E-02    1.985000E-02    +0.000000E+00   0.000000E+00    +0.000000E+00   0.000000E+00      hfr  
  +1.307299E+02      2.950400E-02     0       +5.50      3.347682E-04    2.000000E-06    9.432652E-02    2.128800E-02    +0.000000E+00   0.000000E+00    +0.000000E+00   0.000000E+00      hfr  
  +1.314575E+02      2.966900E-02     1       +5.50      3.311963E-06    0.000000E+00    9.449603E-02    2.132600E-02    +0.000000E+00   0.000000E+00    +0.000000E+00   0.000000E+00      hfr  
  +1.321892E+02      2.983400E-02     1       +6.50      1.051762E-05    0.000000E+00    8.795220E-02    1.985000E-02    +0.000000E+00   0.000000E+00    +0.000000E+00   0.000000E+00      hfr  
  +1.327137E+02      2.995200E-02     0       +6.50      2.086884E-04    1.000000E-06    8.795249E-02    1.985000E-02    +0.000000E+00   0.000000E+00    +0.000000E+00   0.000000E+00      hfr  
  +1.329798E+02      3.001200E-02     1       +7.50      1.052541E-05    0.000000E+00    8.155416E-02    1.840600E-02    +0.000000E+00   0.000000E+00    +0.000000E+00   0.000000E+00      hfr  
  +1.331276E+02      3.004600E-02     0       +6.50      1.366216E-03    8.000000E-06    8.795249E-02    1.985000E-02    +0.000000E+00   0.000000E+00    +0.000000E+00   0.000000E+00      hfr  
  +1.337835E+02      3.019400E-02     1       +5.50      4.982474E-06    0.000000E+00    9.449603E-02    2.132600E-02    +0.000000E+00   0.000000E+00    +0.000000E+00   0.000000E+00      hfr  
  +1.340570E+02      3.025500E-02     1       +4.50      3.924540E-06    0.000000E+00    1.009295E-01    2.277800E-02    +0.000000E+00   0.000000E+00    +0.000000E+00   0.000000E+00      hfr  
  +1.347393E+02      3.040900E-02     1       +5.50      1.895335E-06    0.000000E+00    9.449603E-02    2.132600E-02    +0.000000E+00   0.000000E+00    +0.000000E+00   0.000000E+00      hfr  
  +1.350945E+02      3.048900E-02     1       +6.50      2.422212E-05    0.000000E+00    8.795220E-02    1.985000E-02    +0.000000E+00   0.000000E+00    +0.000000E+00   0.000000E+00      hfr  
  +1.351647E+02      3.050500E-02     1       +4.50      1.439990E-07    0.000000E+00    1.009295E-01    2.277800E-02    +0.000000E+00   0.000000E+00    +0.000000E+00   0.000000E+00      hfr  
  +1.353961E+02      3.055800E-02     1       +7.50      1.993723E-06    0.000000E+00    8.155416E-02    1.840600E-02    +0.000000E+00   0.000000E+00    +0.000000E+00   0.000000E+00      hfr  
  +1.356335E+02      3.061100E-02     0       +5.50      2.680930E-05    0.000000E+00    9.432652E-02    2.128800E-02    +0.000000E+00   0.000000E+00    +0.000000E+00   0.000000E+00      hfr  
  +1.366035E+02      3.083000E-02     1       +5.50      2.333188E-06    0.000000E+00    9.449603E-02    2.132600E-02    +0.000000E+00   0.000000E+00    +0.000000E+00   0.000000E+00      hfr  
  +1.371034E+02      3.094300E-02     0       +5.50      1.838907E-03    1.000000E-05    9.432652E-02    2.128800E-02    +0.000000E+00   0.000000E+00    +0.000000E+00   0.000000E+00      hfr  
  +1.371846E+02      3.096100E-02     1       +6.50      2.843364E-06    0.000000E+00    8.795220E-02    1.985000E-02    +0.000000E+00   0.000000E+00    +0.000000E+00   0.000000E+00      hfr  
  +1.374754E+02      3.102700E-02     1       +4.50      2.076005E-07    0.000000E+00    1.009295E-01    2.277800E-02    +0.000000E+00   0.000000E+00    +0.000000E+00   0.000000E+00      hfr  
  +1.383239E+02      3.121800E-02     0       +5.50      7.105770E-04    4.000000E-06    9.432652E-02    2.128800E-02    +0.000000E+00   0.000000E+00    +0.000000E+00   0.000000E+00      hfr  
  +1.390972E+02      3.139300E-02     1       +7.50      6.794011E-06    0.000000E+00    8.155416E-02    1.840600E-02    +0.000000E+00   0.000000E+00    +0.000000E+00   0.000000E+00      hfr  
  +1.392733E+02      3.143300E-02     1       +5.50      3.185774E-05    0.000000E+00    9.449603E-02    2.132600E-02    +0.000000E+00   0.000000E+00    +0.000000E+00   0.000000E+00      hfr  
  +1.395689E+02      3.149900E-02     0       +6.50      2.876951E-04    2.000000E-06    8.795249E-02    1.985000E-02    +0.000000E+00   0.000000E+00    +0.000000E+00   0.000000E+00      hfr  
  +1.397542E+02      3.154100E-02     1       +4.50      3.924464E-07    0.000000E+00    1.009295E-01    2.277800E-02    +0.000000E+00   0.000000E+00    +0.000000E+00   0.000000E+00      hfr  
  +1.399188E+02      3.157800E-02     1       +6.50      1.488783E-06    0.000000E+00    8.795220E-02    1.985000E-02    +0.000000E+00   0.000000E+00    +0.000000E+00   0.000000E+00      hfr  
  +1.404549E+02      3.169900E-02     0       +5.50      8.934697E-06    0.000000E+00    9.432652E-02    2.128800E-02    +0.000000E+00   0.000000E+00    +0.000000E+00   0.000000E+00      hfr  
  +1.405136E+02      3.171300E-02     1       +7.50      4.812765E-07    0.000000E+00    8.155416E-02    1.840600E-02    +0.000000E+00   0.000000E+00    +0.000000E+00   0.000000E+00      hfr  
  +1.408873E+02      3.179700E-02     1       +4.50      1.432038E-06    0.000000E+00    1.009295E-01    2.277800E-02    +0.000000E+00   0.000000E+00    +0.000000E+00   0.000000E+00      hfr  
  +1.412586E+02      3.188100E-02     1       +6.50      2.560568E-06    0.000000E+00    8.795220E-02    1.985000E-02    +0.000000E+00   0.000000E+00    +0.000000E+00   0.000000E+00      hfr  
  +1.425020E+02      3.216100E-02     0       +5.50      3.793397E-03    2.100000E-05    9.432652E-02    2.128800E-02    +0.000000E+00   0.000000E+00    +0.000000E+00   0.000000E+00      hfr  
  +1.429185E+02      3.225500E-02     0       +6.50      7.255025E-04    4.000000E-06    8.795249E-02    1.985000E-02    +0.000000E+00   0.000000E+00    +0.000000E+00   0.000000E+00      hfr  
  +1.431683E+02      3.231200E-02     1       +6.50      2.221318E-06    0.000000E+00    8.795220E-02    1.985000E-02    +0.000000E+00   0.000000E+00    +0.000000E+00   0.000000E+00      hfr  
  +1.436628E+02      3.242300E-02     1       +7.50      1.355054E-05    0.000000E+00    8.155416E-02    1.840600E-02    +0.000000E+00   0.000000E+00    +0.000000E+00   0.000000E+00      hfr  
  +1.437719E+02      3.244800E-02     1       +5.50      2.055966E-07    0.000000E+00    9.449603E-02    2.132600E-02    +0.000000E+00   0.000000E+00    +0.000000E+00   0.000000E+00      hfr  
  +1.449675E+02      3.271800E-02     1       +7.50      6.200333E-07    0.000000E+00    8.155416E-02    1.840600E-02    +0.000000E+00   0.000000E+00    +0.000000E+00   0.000000E+00      hfr  
  +1.450953E+02      3.274700E-02     0       +6.50      4.086856E-03    2.300000E-05    8.795249E-02    1.985000E-02    +0.000000E+00   0.000000E+00    +0.000000E+00   0.000000E+00      hfr  
  +1.452132E+02      3.277300E-02     0       +5.50      8.573166E-04    5.000000E-06    9.432652E-02    2.128800E-02    +0.000000E+00   0.000000E+00    +0.000000E+00   0.000000E+00      hfr  
  +1.457844E+02      3.290200E-02     1       +6.50      7.272907E-06    0.000000E+00    8.795220E-02    1.985000E-02    +0.000000E+00   0.000000E+00    +0.000000E+00   0.000000E+00      hfr  
  +1.459953E+02      3.295000E-02     1       +5.50      1.375167E-06    0.000000E+00    9.449603E-02    2.132600E-02    +0.000000E+00   0.000000E+00    +0.000000E+00   0.000000E+00      hfr  
  +1.462476E+02      3.300700E-02     0       +5.50      4.207602E-03    2.400000E-05    9.432652E-02    2.128800E-02    +0.000000E+00   0.000000E+00    +0.000000E+00   0.000000E+00      hfr  
  +1.462903E+02      3.301600E-02     0       +6.50      8.633947E-03    4.900000E-05    8.795249E-02    1.985000E-02    +0.000000E+00   0.000000E+00    +0.000000E+00   0.000000E+00      hfr  
  +1.467060E+02      3.311000E-02     0       +6.50      5.342252E-04    3.000000E-06    8.795249E-02    1.985000E-02    +0.000000E+00   0.000000E+00    +0.000000E+00   0.000000E+00      hfr  
  +1.467226E+02      3.311400E-02     0       +5.50      1.461017E-04    1.000000E-06    9.432652E-02    2.128800E-02    +0.000000E+00   0.000000E+00    +0.000000E+00   0.000000E+00      hfr  
  +1.476666E+02      3.332700E-02     1       +4.50      1.143855E-05    0.000000E+00    1.009295E-01    2.277800E-02    +0.000000E+00   0.000000E+00    +0.000000E+00   0.000000E+00      hfr  
  +1.479528E+02      3.339100E-02     1       +5.50      2.911804E-07    0.000000E+00    9.449603E-02    2.132600E-02    +0.000000E+00   0.000000E+00    +0.000000E+00   0.000000E+00      hfr  
  +1.479767E+02      3.339700E-02     1       +7.50      2.793844E-07    0.000000E+00    8.155416E-02    1.840600E-02    +0.000000E+00   0.000000E+00    +0.000000E+00   0.000000E+00      hfr  
  +1.483242E+02      3.347500E-02     0       +5.50      7.735969E-07    0.000000E+00    9.432652E-02    2.128800E-02    +0.000000E+00   0.000000E+00    +0.000000E+00   0.000000E+00      hfr  
  +1.486193E+02      3.354200E-02     1       +6.50      1.668459E-07    0.000000E+00    8.795220E-02    1.985000E-02    +0.000000E+00   0.000000E+00    +0.000000E+00   0.000000E+00      hfr  
  +1.486758E+02      3.355500E-02     1       +5.50      7.661588E-06    0.000000E+00    9.449603E-02    2.132600E-02    +0.000000E+00   0.000000E+00    +0.000000E+00   0.000000E+00      hfr  
  +1.493743E+02      3.371200E-02     1       +4.50      4.038402E-06    0.000000E+00    1.009295E-01    2.277800E-02    +0.000000E+00   0.000000E+00    +0.000000E+00   0.000000E+00      hfr  
  +1.507007E+02      3.401200E-02     0       +6.50      9.091021E-03    5.100000E-05    8.795249E-02    1.985000E-02    +0.000000E+00   0.000000E+00    +0.000000E+00   0.000000E+00      hfr  
  +1.516032E+02      3.421500E-02     1       +7.50      3.191165E-06    0.000000E+00    8.155416E-02    1.840600E-02    +0.000000E+00   0.000000E+00    +0.000000E+00   0.000000E+00      hfr  
  +1.521504E+02      3.433900E-02     1       +5.50      1.581421E-05    0.000000E+00    9.449603E-02    2.132600E-02    +0.000000E+00   0.000000E+00    +0.000000E+00   0.000000E+00      hfr  
  +1.524543E+02      3.440700E-02     0       +6.50      2.636570E-03    1.500000E-05    8.795249E-02    1.985000E-02    +0.000000E+00   0.000000E+00    +0.000000E+00   0.000000E+00      hfr  
  +1.531616E+02      3.456700E-02     1       +6.50      2.038685E-05    0.000000E+00    8.795220E-02    1.985000E-02    +0.000000E+00   0.000000E+00    +0.000000E+00   0.000000E+00      hfr  
  +1.533181E+02      3.460200E-02     1       +7.50      7.373027E-07    0.000000E+00    8.155416E-02    1.840600E-02    +0.000000E+00   0.000000E+00    +0.000000E+00   0.000000E+00      hfr  
  +1.533214E+02      3.460300E-02     0       +6.50      1.027477E-03    6.000000E-06    8.795249E-02    1.985000E-02    +0.000000E+00   0.000000E+00    +0.000000E+00   0.000000E+00      hfr  
  +1.534137E+02      3.462400E-02     1       +4.50      6.045304E-07    0.000000E+00    1.009295E-01    2.277800E-02    +0.000000E+00   0.000000E+00    +0.000000E+00   0.000000E+00      hfr  
  +1.536952E+02      3.468700E-02     2       +6.50      1.108080E-10    0.000000E+00    8.795249E-02    1.985000E-02    +0.000000E+00   0.000000E+00    +0.000000E+00   0.000000E+00      hfr  
  +1.542686E+02      3.481700E-02     0       +5.50      2.246790E-04    1.000000E-06    9.432652E-02    2.128800E-02    +0.000000E+00   0.000000E+00    +0.000000E+00   0.000000E+00      hfr  
  +1.542890E+02      3.482100E-02     1       +5.50      1.699670E-05    0.000000E+00    9.449603E-02    2.132600E-02    +0.000000E+00   0.000000E+00    +0.000000E+00   0.000000E+00      hfr  
  +1.556866E+02      3.513700E-02     1       +4.50      6.815521E-07    0.000000E+00    1.009295E-01    2.277800E-02    +0.000000E+00   0.000000E+00    +0.000000E+00   0.000000E+00      hfr  
  +1.557100E+02      3.514200E-02     0       +5.50      2.471010E-03    1.400000E-05    9.432652E-02    2.128800E-02    +0.000000E+00   0.000000E+00    +0.000000E+00   0.000000E+00      hfr  
  +1.560375E+02      3.521600E-02     1       +4.50      1.104415E-05    0.000000E+00    1.009295E-01    2.277800E-02    +0.000000E+00   0.000000E+00    +0.000000E+00   0.000000E+00      hfr  
  +1.563842E+02      3.529400E-02     0       +5.50      1.039191E-02    5.900000E-05    9.432652E-02    2.128800E-02    +0.000000E+00   0.000000E+00    +0.000000E+00   0.000000E+00      hfr  
  +1.568689E+02      3.540400E-02     0       +6.50      5.456917E-03    3.100000E-05    8.795249E-02    1.985000E-02    +0.000000E+00   0.000000E+00    +0.000000E+00   0.000000E+00      hfr  
  +1.573559E+02      3.551400E-02     0       +5.50      1.694431E-05    0.000000E+00    9.432652E-02    2.128800E-02    +0.000000E+00   0.000000E+00    +0.000000E+00   0.000000E+00      hfr  
