# D. Rochman  TARES version 1.8 , Villigen   , Switzerland
# Time: Wed Oct  7 11:50:03 2026
#                        
# Element                            : Th
# Z                                  : 90
# A                                  : 238
# I                                  : 0
# Half-life                   [min. ]: 9.4 
# Data origin                        : TARES
# Formalism                          : Multi-level Breit-Wigner
# Emin (RRR)                     [eV]: 1e-5  
# Emax (RRR)                     [eV]: 3.209323E+03 
# Emax2 (background)             [eV]: 3.088040E+04 
# Number of resonances (<Emax)       : 99
# Number of resonances (<Emax2)      : 100
# Thermal (n,g) xs (systematics) [b.]: 3.051780E+00 
# Ress Int. (n,g) (systematics)  [b.]: 1.245470E+02 
# MACS 30 keV (calculated)       [b.]: 9.709300E-02
# Westcott factor (calculated)       : 1.002990E+00
#
# Thermal (n,el) xs (systema.)   [b.]: 7.693720E+00 
# Res. Int (n,el) (calculated)   [b.]: 8.123000E+01 
#
# Thermal  (n,f) xs              [b.]: 3.691130E-03 (Syst.) 
# Resonance Integral (n,f) xs    [b.]: 1.499490E-01
#
# Scattering radius              [fm]: 8.21 +/- 0.58 
#
# Average Gtotal   l=0           [eV]: 1.427860E-01 
# Average reduced (Gn^0) Gn l=0  [eV]: 1.560590E-03 
# Average Gg       l=0           [eV]: 8.269280E-02 
# Average level spacing D0 (l=0) [eV]: 5.533320E+01 
# Neutron strength function S0 (l=0) : 2.868980E-05 
#
# Average Gtotal   l=1           [eV]: 8.642540E-02 
# Average reduced (Gn^1) Gn l=1  [eV]: 1.152780E-02 
# Average Gg       l=1           [eV]: 8.214550E-02 
# Average level spacing D1 (l=1) [eV]: 1.069770E+02 
# Neutron strength function S1 (l=1) : 5.516580E-05 
#
# Average Gtotal   l=2           [eV]: 8.161300E-02 
# Average reduced (Gn^2) Gn l=2  [eV]: 9.110510E-03 
# Average Gg       l=2           [eV]: 8.150790E-02 
# Neutron strength function S2 (l=2) : 1.822100E-02 
#
#
#          
#   Energy (eV)     +/- DE (eV)       l         J          Gn (eV)       +/- DGn (eV)       Gg (eV)      +/- DGg (eV)       Gf1 (eV)     +/- DGf1 (eV)       Gf2 (eV)     +/- DGf2 (eV)    Origin  
#<---------------><---------------><-----><-----------><--------------><--------------><--------------><--------------><--------------><--------------><---------------><--------------><---------->
  -1.936799E+02      3.873600E-02     0       +0.50      5.570641E-02    1.029000E-03    8.267890E-02    6.110100E-02    +1.000000E-04   7.400000E-05    +0.000000E+00   0.000000E+00      hfr  
  -1.451631E+02      2.903300E-02     1       +0.50      3.356220E-05    1.000000E-06    8.267890E-02    6.110100E-02    +1.000000E-04   7.400000E-05    +0.000000E+00   0.000000E+00      hfr  
  -1.416511E+02      2.833000E-02     0       +0.50      3.359676E-03    6.200000E-05    8.267890E-02    6.110100E-02    +1.000000E-04   7.400000E-05    +0.000000E+00   0.000000E+00      hfr  
  -1.226030E+02      2.452100E-02     1       +0.50      1.481687E-08    0.000000E+00    8.267890E-02    6.110100E-02    +1.000000E-04   7.400000E-05    +0.000000E+00   0.000000E+00      hfr  
  -8.805103E+01      1.761000E-02     1       +1.50      6.894145E-08    0.000000E+00    8.144295E-02    6.018800E-02    +1.000000E-04   7.400000E-05    +0.000000E+00   0.000000E+00      hfr  
  -6.532154E+01      1.306400E-02     0       +0.50      2.598304E-03    4.800000E-05    8.267890E-02    6.110100E-02    +1.000000E-04   7.400000E-05    +0.000000E+00   0.000000E+00      hfr  
  -3.396070E+01      6.792000E-03     1       +1.50      9.995741E-07    0.000000E+00    8.144295E-02    6.018800E-02    +1.000000E-04   7.400000E-05    +0.000000E+00   0.000000E+00      hfr  
  -1.385719E+01      2.771000E-03     1       +0.50      3.355159E-08    0.000000E+00    8.267890E-02    6.110100E-02    +1.000000E-04   7.400000E-05    +0.000000E+00   0.000000E+00      hfr  
  -7.044443E+00      1.409000E-03     1       +1.50      1.577082E-08    0.000000E+00    8.144295E-02    6.018800E-02    +1.000000E-04   7.400000E-05    +0.000000E+00   0.000000E+00      hfr  
  +9.630053E+00      1.926000E-03     0       +0.50      2.318965E-03    4.300000E-05    8.267890E-02    6.110100E-02    +1.000000E-04   7.400000E-05    +0.000000E+00   0.000000E+00      hfr  
  +7.823856E+01      1.564800E-02     0       +0.50      1.702201E-02    3.140000E-04    8.267890E-02    6.110100E-02    +1.000000E-04   7.400000E-05    +0.000000E+00   0.000000E+00      hfr  
  +1.137181E+02      2.274400E-02     0       +0.50      3.143735E-02    5.810000E-04    8.267890E-02    6.110100E-02    +1.000000E-04   7.400000E-05    +0.000000E+00   0.000000E+00      hfr  
  +1.403629E+02      2.807300E-02     0       +0.50      6.625002E-03    1.220000E-04    8.267890E-02    6.110100E-02    +1.000000E-04   7.400000E-05    +0.000000E+00   0.000000E+00      hfr  
  +2.981433E+02      5.962900E-02     0       +0.50      7.384815E-03    1.360000E-04    8.267890E-02    6.110100E-02    +1.000000E-04   7.400000E-05    +0.000000E+00   0.000000E+00      hfr  
  +3.424456E+02      6.848900E-02     0       +0.50      2.208938E-02    4.080000E-04    8.267890E-02    6.110100E-02    +1.000000E-04   7.400000E-05    +0.000000E+00   0.000000E+00      hfr  
  +3.517153E+02      7.034300E-02     0       +0.50      1.879575E-02    3.470000E-04    8.267890E-02    6.110100E-02    +1.000000E-04   7.400000E-05    +0.000000E+00   0.000000E+00      hfr  
  +4.117539E+02      8.235100E-02     0       +0.50      2.434266E-03    4.500000E-05    8.267890E-02    6.110100E-02    +1.000000E-04   7.400000E-05    +0.000000E+00   0.000000E+00      hfr  
  +5.184573E+02      1.036910E-01     0       +0.50      5.569259E-02    1.029000E-03    8.267890E-02    6.110100E-02    +1.000000E-04   7.400000E-05    +0.000000E+00   0.000000E+00      hfr  
  +5.635679E+02      1.127140E-01     0       +0.50      3.099554E-03    5.700000E-05    8.267890E-02    6.110100E-02    +1.000000E-04   7.400000E-05    +0.000000E+00   0.000000E+00      hfr  
  +6.182002E+02      1.236400E-01     0       +0.50      5.174530E-03    9.600000E-05    8.267890E-02    6.110100E-02    +1.000000E-04   7.400000E-05    +0.000000E+00   0.000000E+00      hfr  
  +7.426475E+02      1.485300E-01     0       +0.50      1.443968E-01    2.668000E-03    8.267890E-02    6.110100E-02    +1.000000E-04   7.400000E-05    +0.000000E+00   0.000000E+00      hfr  
  +7.725818E+02      1.545160E-01     0       +0.50      3.645867E-02    6.740000E-04    8.267890E-02    6.110100E-02    +1.000000E-04   7.400000E-05    +0.000000E+00   0.000000E+00      hfr  
  +8.327776E+02      1.665560E-01     0       +0.50      1.183794E-02    2.190000E-04    8.267890E-02    6.110100E-02    +1.000000E-04   7.400000E-05    +0.000000E+00   0.000000E+00      hfr  
  +8.938168E+02      1.787630E-01     0       +0.50      2.727608E-02    5.040000E-04    8.267890E-02    6.110100E-02    +1.000000E-04   7.400000E-05    +0.000000E+00   0.000000E+00      hfr  
  +9.230761E+02      1.846150E-01     0       +0.50      1.286384E-01    2.377000E-03    8.267890E-02    6.110100E-02    +1.000000E-04   7.400000E-05    +0.000000E+00   0.000000E+00      hfr  
  +1.005890E+03      2.011780E-01     0       +0.50      7.946174E-04    1.500000E-05    8.267890E-02    6.110100E-02    +1.000000E-04   7.400000E-05    +0.000000E+00   0.000000E+00      hfr  
  +1.085691E+03      2.171380E-01     0       +0.50      5.654915E-03    1.040000E-04    8.267890E-02    6.110100E-02    +1.000000E-04   7.400000E-05    +0.000000E+00   0.000000E+00      hfr  
  +1.119633E+03      2.239270E-01     0       +0.50      2.375851E-01    4.390000E-03    8.267890E-02    6.110100E-02    +1.000000E-04   7.400000E-05    +0.000000E+00   0.000000E+00      hfr  
  +1.168396E+03      2.336790E-01     0       +0.50      1.222145E-01    2.258000E-03    8.267890E-02    6.110100E-02    +1.000000E-04   7.400000E-05    +0.000000E+00   0.000000E+00      hfr  
  +1.223553E+03      2.447110E-01     0       +0.50      2.235469E-04    4.000000E-06    8.267890E-02    6.110100E-02    +1.000000E-04   7.400000E-05    +0.000000E+00   0.000000E+00      hfr  
  +1.297043E+03      2.594090E-01     0       +0.50      1.005965E-01    1.859000E-03    8.267890E-02    6.110100E-02    +1.000000E-04   7.400000E-05    +0.000000E+00   0.000000E+00      hfr  
  +1.407803E+03      2.815610E-01     0       +0.50      9.578380E-03    1.770000E-04    8.267890E-02    6.110100E-02    +1.000000E-04   7.400000E-05    +0.000000E+00   0.000000E+00      hfr  
  +1.466426E+03      2.932850E-01     1       +0.50      1.849195E-03    3.400000E-05    8.267890E-02    6.110100E-02    +1.000000E-04   7.400000E-05    +0.000000E+00   0.000000E+00      hfr  
  +1.490026E+03      2.980050E-01     0       +0.50      2.072079E-03    3.800000E-05    8.267890E-02    6.110100E-02    +1.000000E-04   7.400000E-05    +0.000000E+00   0.000000E+00      hfr  
  +1.529408E+03      3.058820E-01     1       +0.50      5.414546E-03    1.000000E-04    8.267890E-02    6.110100E-02    +1.000000E-04   7.400000E-05    +0.000000E+00   0.000000E+00      hfr  
  +1.533859E+03      3.067720E-01     0       +0.50      2.243530E-01    4.145000E-03    8.267890E-02    6.110100E-02    +1.000000E-04   7.400000E-05    +0.000000E+00   0.000000E+00      hfr  
  +1.610883E+03      3.221770E-01     1       +1.50      2.248189E-03    4.200000E-05    8.144295E-02    6.018800E-02    +1.000000E-04   7.400000E-05    +0.000000E+00   0.000000E+00      hfr  
  +1.630612E+03      3.261220E-01     0       +0.50      3.365436E-03    6.200000E-05    8.267890E-02    6.110100E-02    +1.000000E-04   7.400000E-05    +0.000000E+00   0.000000E+00      hfr  
  +1.645613E+03      3.291230E-01     0       +0.50      4.697575E-02    8.680000E-04    8.267890E-02    6.110100E-02    +1.000000E-04   7.400000E-05    +0.000000E+00   0.000000E+00      hfr  
  +1.667993E+03      3.335990E-01     1       +0.50      3.056830E-03    5.600000E-05    8.267890E-02    6.110100E-02    +1.000000E-04   7.400000E-05    +0.000000E+00   0.000000E+00      hfr  
  +1.710126E+03      3.420250E-01     1       +0.50      3.559860E-03    6.600000E-05    8.267890E-02    6.110100E-02    +1.000000E-04   7.400000E-05    +0.000000E+00   0.000000E+00      hfr  
  +1.713276E+03      3.426550E-01     0       +0.50      5.098480E-01    9.420000E-03    8.267890E-02    6.110100E-02    +1.000000E-04   7.400000E-05    +0.000000E+00   0.000000E+00      hfr  
  +1.733833E+03      3.467670E-01     0       +0.50      2.786188E-02    5.150000E-04    8.267890E-02    6.110100E-02    +1.000000E-04   7.400000E-05    +0.000000E+00   0.000000E+00      hfr  
  +1.734095E+03      3.468190E-01     1       +0.50      1.799301E-03    3.300000E-05    8.267890E-02    6.110100E-02    +1.000000E-04   7.400000E-05    +0.000000E+00   0.000000E+00      hfr  
  +1.780239E+03      3.560480E-01     1       +1.50      3.964690E-03    7.300000E-05    8.144295E-02    6.018800E-02    +1.000000E-04   7.400000E-05    +0.000000E+00   0.000000E+00      hfr  
  +1.788760E+03      3.577520E-01     0       +0.50      4.961029E-07    0.000000E+00    8.267890E-02    6.110100E-02    +1.000000E-04   7.400000E-05    +0.000000E+00   0.000000E+00      hfr  
  +1.808969E+03      3.617940E-01     1       +1.50      2.134220E-03    3.900000E-05    8.144295E-02    6.018800E-02    +1.000000E-04   7.400000E-05    +0.000000E+00   0.000000E+00      hfr  
  +1.841784E+03      3.683570E-01     0       +0.50      6.744547E-02    1.246000E-03    8.267890E-02    6.110100E-02    +1.000000E-04   7.400000E-05    +0.000000E+00   0.000000E+00      hfr  
  +1.861739E+03      3.723480E-01     0       +0.50      9.659088E-02    1.785000E-03    8.267890E-02    6.110100E-02    +1.000000E-04   7.400000E-05    +0.000000E+00   0.000000E+00      hfr  
  +1.968045E+03      3.936090E-01     0       +0.50      2.448298E-04    5.000000E-06    8.267890E-02    6.110100E-02    +1.000000E-04   7.400000E-05    +0.000000E+00   0.000000E+00      hfr  
  +2.094686E+03      4.189370E-01     0       +0.50      7.277893E-02    1.345000E-03    8.267890E-02    6.110100E-02    +1.000000E-04   7.400000E-05    +0.000000E+00   0.000000E+00      hfr  
  +2.116797E+03      4.233590E-01     1       +1.50      2.513601E-03    4.600000E-05    8.144295E-02    6.018800E-02    +1.000000E-04   7.400000E-05    +0.000000E+00   0.000000E+00      hfr  
  +2.120438E+03      4.240880E-01     0       +0.50      2.450107E-02    4.530000E-04    8.267890E-02    6.110100E-02    +1.000000E-04   7.400000E-05    +0.000000E+00   0.000000E+00      hfr  
  +2.148975E+03      4.297950E-01     0       +0.50      3.111449E-03    5.700000E-05    8.267890E-02    6.110100E-02    +1.000000E-04   7.400000E-05    +0.000000E+00   0.000000E+00      hfr  
  +2.169130E+03      4.338260E-01     1       +0.50      3.700774E-03    6.800000E-05    8.267890E-02    6.110100E-02    +1.000000E-04   7.400000E-05    +0.000000E+00   0.000000E+00      hfr  
  +2.182604E+03      4.365210E-01     1       +0.50      1.959137E-03    3.600000E-05    8.267890E-02    6.110100E-02    +1.000000E-04   7.400000E-05    +0.000000E+00   0.000000E+00      hfr  
  +2.211755E+03      4.423510E-01     0       +0.50      1.107867E-03    2.000000E-05    8.267890E-02    6.110100E-02    +1.000000E-04   7.400000E-05    +0.000000E+00   0.000000E+00      hfr  
  +2.264593E+03      4.529190E-01     1       +0.50      3.275277E-03    6.100000E-05    8.267890E-02    6.110100E-02    +1.000000E-04   7.400000E-05    +0.000000E+00   0.000000E+00      hfr  
  +2.282329E+03      4.564660E-01     0       +0.50      3.795128E-02    7.010000E-04    8.267890E-02    6.110100E-02    +1.000000E-04   7.400000E-05    +0.000000E+00   0.000000E+00      hfr  
  +2.333496E+03      4.666990E-01     0       +0.50      9.810787E-02    1.813000E-03    8.267890E-02    6.110100E-02    +1.000000E-04   7.400000E-05    +0.000000E+00   0.000000E+00      hfr  
  +2.357826E+03      4.715650E-01     1       +1.50      8.705704E-03    1.610000E-04    8.144295E-02    6.018800E-02    +1.000000E-04   7.400000E-05    +0.000000E+00   0.000000E+00      hfr  
  +2.375713E+03      4.751430E-01     0       +0.50      1.951012E-01    3.605000E-03    8.267890E-02    6.110100E-02    +1.000000E-04   7.400000E-05    +0.000000E+00   0.000000E+00      hfr  
  +2.410708E+03      4.821420E-01     0       +0.50      5.710956E-03    1.060000E-04    8.273759E-02    6.114500E-02    +1.000000E-04   7.400000E-05    +0.000000E+00   0.000000E+00      hfr  
  +2.412519E+03      4.825040E-01     1       +1.50      2.260822E-03    4.200000E-05    8.144295E-02    6.018800E-02    +1.000000E-04   7.400000E-05    +0.000000E+00   0.000000E+00      hfr  
  +2.424230E+03      4.848460E-01     1       +0.50      2.272996E-03    4.200000E-05    8.267890E-02    6.110100E-02    +1.000000E-04   7.400000E-05    +0.000000E+00   0.000000E+00      hfr  
  +2.427742E+03      4.855480E-01     0       +0.50      1.390877E-02    2.570000E-04    8.267890E-02    6.110100E-02    +1.000000E-04   7.400000E-05    +0.000000E+00   0.000000E+00      hfr  
  +2.458262E+03      4.916520E-01     1       +0.50      4.160834E-03    7.700000E-05    8.273758E-02    6.114500E-02    +1.000000E-04   7.400000E-05    +0.000000E+00   0.000000E+00      hfr  
  +2.496337E+03      4.992670E-01     0       +0.50      3.548775E-02    6.560000E-04    8.273759E-02    6.114500E-02    +1.000000E-04   7.400000E-05    +0.000000E+00   0.000000E+00      hfr  
  +2.504072E+03      5.008140E-01     0       +0.50      1.608737E-02    2.970000E-04    8.267890E-02    6.110100E-02    +1.000000E-04   7.400000E-05    +0.000000E+00   0.000000E+00      hfr  
  +2.560387E+03      5.120770E-01     0       +0.50      5.737686E-02    1.060000E-03    8.273759E-02    6.114500E-02    +1.000000E-04   7.400000E-05    +0.000000E+00   0.000000E+00      hfr  
  +2.564681E+03      5.129360E-01     1       +1.50      2.434040E-03    4.500000E-05    8.150224E-02    6.023200E-02    +1.000000E-04   7.400000E-05    +0.000000E+00   0.000000E+00      hfr  
  +2.572831E+03      5.145660E-01     0       +0.50      2.266695E-02    4.190000E-04    8.273759E-02    6.114500E-02    +1.000000E-04   7.400000E-05    +0.000000E+00   0.000000E+00      hfr  
  +2.579023E+03      5.158050E-01     0       +0.50      3.794962E-02    7.010000E-04    8.267890E-02    6.110100E-02    +1.000000E-04   7.400000E-05    +0.000000E+00   0.000000E+00      hfr  
  +2.601521E+03      5.203040E-01     1       +1.50      9.297132E-03    1.720000E-04    8.150224E-02    6.023200E-02    +1.000000E-04   7.400000E-05    +0.000000E+00   0.000000E+00      hfr  
  +2.610301E+03      5.220600E-01     1       +1.50      6.089894E-03    1.130000E-04    8.144295E-02    6.018800E-02    +1.000000E-04   7.400000E-05    +0.000000E+00   0.000000E+00      hfr  
  +2.612373E+03      5.224750E-01     1       +1.50      5.171315E-03    9.600000E-05    8.150224E-02    6.023200E-02    +1.000000E-04   7.400000E-05    +0.000000E+00   0.000000E+00      hfr  
  +2.635833E+03      5.271670E-01     1       +1.50      2.687459E-03    5.000000E-05    8.144295E-02    6.018800E-02    +1.000000E-04   7.400000E-05    +0.000000E+00   0.000000E+00      hfr  
  +2.647632E+03      5.295260E-01     0       +0.50      9.902144E-02    1.829000E-03    8.267890E-02    6.110100E-02    +1.000000E-04   7.400000E-05    +0.000000E+00   0.000000E+00      hfr  
  +2.652400E+03      5.304800E-01     1       +0.50      3.558732E-03    6.600000E-05    8.267890E-02    6.110100E-02    +1.000000E-04   7.400000E-05    +0.000000E+00   0.000000E+00      hfr  
  +2.653401E+03      5.306800E-01     0       +0.50      4.305775E-02    7.960000E-04    8.273759E-02    6.114500E-02    +1.000000E-04   7.400000E-05    +0.000000E+00   0.000000E+00      hfr  
  +2.666822E+03      5.333640E-01     1       +0.50      1.812446E-03    3.300000E-05    8.273758E-02    6.114500E-02    +1.000000E-04   7.400000E-05    +0.000000E+00   0.000000E+00      hfr  
  +2.683111E+03      5.366220E-01     0       +0.50      1.527040E-01    2.821000E-03    8.267890E-02    6.110100E-02    +1.000000E-04   7.400000E-05    +0.000000E+00   0.000000E+00      hfr  
  +2.716270E+03      5.432540E-01     1       +0.50      4.985805E-03    9.200000E-05    8.273758E-02    6.114500E-02    +1.000000E-04   7.400000E-05    +0.000000E+00   0.000000E+00      hfr  
  +2.747573E+03      5.495150E-01     0       +0.50      1.262565E-01    2.333000E-03    8.273759E-02    6.114500E-02    +1.000000E-04   7.400000E-05    +0.000000E+00   0.000000E+00      hfr  
  +2.748500E+03      5.497000E-01     1       +1.50      9.211391E-03    1.700000E-04    8.150224E-02    6.023200E-02    +1.000000E-04   7.400000E-05    +0.000000E+00   0.000000E+00      hfr  
  +2.767480E+03      5.534960E-01     0       +0.50      9.006800E-02    1.664000E-03    8.273759E-02    6.114500E-02    +1.000000E-04   7.400000E-05    +0.000000E+00   0.000000E+00      hfr  
  +2.794685E+03      5.589370E-01     1       +0.50      2.699902E-03    5.000000E-05    8.273758E-02    6.114500E-02    +1.000000E-04   7.400000E-05    +0.000000E+00   0.000000E+00      hfr  
  +2.807623E+03      5.615250E-01     1       +1.50      3.470330E-03    6.400000E-05    8.150224E-02    6.023200E-02    +1.000000E-04   7.400000E-05    +0.000000E+00   0.000000E+00      hfr  
  +2.829256E+03      5.658510E-01     0       +0.50      2.061815E-02    3.810000E-04    8.273759E-02    6.114500E-02    +1.000000E-04   7.400000E-05    +0.000000E+00   0.000000E+00      hfr  
  +2.855976E+03      5.711950E-01     0       +0.50      1.148891E-01    2.123000E-03    8.273759E-02    6.114500E-02    +1.000000E-04   7.400000E-05    +0.000000E+00   0.000000E+00      hfr  
  +2.918238E+03      5.836480E-01     0       +0.50      3.629706E-03    6.700000E-05    8.273759E-02    6.114500E-02    +1.000000E-04   7.400000E-05    +0.000000E+00   0.000000E+00      hfr  
  +2.962638E+03      5.925280E-01     1       +0.50      1.284466E-02    2.370000E-04    8.273758E-02    6.114500E-02    +1.000000E-04   7.400000E-05    +0.000000E+00   0.000000E+00      hfr  
  +2.970328E+03      5.940660E-01     1       +1.50      6.523644E-03    1.210000E-04    8.150224E-02    6.023200E-02    +1.000000E-04   7.400000E-05    +0.000000E+00   0.000000E+00      hfr  
  +2.974094E+03      5.948190E-01     2       +1.50      5.076130E-06    0.000000E+00    8.150793E-02    6.023600E-02    +1.000000E-04   7.400000E-05    +0.000000E+00   0.000000E+00      hfr  
  +3.042268E+03      6.084540E-01     0       +0.50      2.342136E-03    4.300000E-05    8.273759E-02    6.114500E-02    +1.000000E-04   7.400000E-05    +0.000000E+00   0.000000E+00      hfr  
  +3.049477E+03      6.098950E-01     0       +0.50      1.017967E-01    1.881000E-03    8.273759E-02    6.114500E-02    +1.000000E-04   7.400000E-05    +0.000000E+00   0.000000E+00      hfr  
  +3.151893E+03      6.303790E-01     1       +0.50      3.384748E-03    6.300000E-05    8.273758E-02    6.114500E-02    +1.000000E-04   7.400000E-05    +0.000000E+00   0.000000E+00      hfr  
  +3.156708E+03      6.313420E-01     0       +0.50      1.557100E-01    2.877000E-03    8.273759E-02    6.114500E-02    +1.000000E-04   7.400000E-05    +0.000000E+00   0.000000E+00      hfr  
  +3.169578E+03      6.339160E-01     1       +0.50      2.531949E-03    4.700000E-05    8.273758E-02    6.114500E-02    +1.000000E-04   7.400000E-05    +0.000000E+00   0.000000E+00      hfr  
  +3.209323E+03      6.418650E-01     0       +0.50      3.155357E-02    5.830000E-04    8.273759E-02    6.114500E-02    +1.000000E-04   7.400000E-05    +0.000000E+00   0.000000E+00      hfr  
