# D. Rochman  TARES version 1.8 , Villigen   , Switzerland
# Time: Fri Oct  9 11:03:06 2026
#                        
# Element                            : Yb
# Z                                  : 70
# A                                  : 157
# I                                  : 0
# Half-life                   [sec. ]: 38.6 
# Data origin                        : TARES
# Formalism                          : Multi-level Breit-Wigner
# Emin (RRR)                     [eV]: 1e-5  
# Emax (RRR)                     [eV]: 6.310211E+00 
# Emax2 (background)             [eV]: 6.736640E+01 
# Number of resonances (<Emax)       : 98
# Number of resonances (<Emax2)      : 99
# Thermal (n,g) xs (systematics) [b.]: 1.146790E+03 
# Ress Int. (n,g) (systematics)  [b.]: 4.126030E+03 
# MACS 30 keV (calculated)       [b.]: 1.195500E+01
# Westcott factor (calculated)       : 1.191170E+00
#
# Thermal (n,el) xs (systema.)   [b.]: 5.356140E+00 
# Res. Int (n,el) (calculated)   [b.]: 1.553550E+01 
#
# Scattering radius              [fm]: 7.16 +/- 0.57 
#
# Average Gtotal   l=0           [eV]: 1.232420E-01 
# Average reduced (Gn^0) Gn l=0  [eV]: 1.895980E-05 
# Average Gg       l=0           [eV]: 1.232100E-01 
# Average level spacing D0 (l=0) [eV]: 8.887610E-02 
# Neutron strength function S0 (l=0) : 1.075750E-04 
#
# Average Gtotal   l=1           [eV]: 1.219170E-01 
# Average reduced (Gn^1) Gn l=1  [eV]: 2.222390E-06 
# Average Gg       l=1           [eV]: 1.219170E-01 
# Average level spacing D1 (l=1) [eV]: 3.155100E-01 
# Neutron strength function S1 (l=1) : 1.328400E-06 
#
#
#
#          
#   Energy (eV)     +/- DE (eV)       l         J          Gn (eV)       +/- DGn (eV)       Gg (eV)      +/- DGg (eV)       Gf1 (eV)     +/- DGf1 (eV)       Gf2 (eV)     +/- DGf2 (eV)    Origin  
#<---------------><---------------><-----><-----------><--------------><--------------><--------------><--------------><--------------><--------------><---------------><--------------><---------->
  -4.386528E-01      8.800000E-05     0       +3.00      2.786297E-06    0.000000E+00    1.249830E-01    5.211300E-02    +0.000000E+00   0.000000E+00    +0.000000E+00   0.000000E+00      hfr  
  -2.933052E-01      5.900000E-05     0       +4.00      3.157686E-05    0.000000E+00    1.217099E-01    5.074900E-02    +0.000000E+00   0.000000E+00    +0.000000E+00   0.000000E+00      hfr  
  -2.827532E-01      5.700000E-05     0       +3.00      6.097205E-06    0.000000E+00    1.249830E-01    5.211300E-02    +0.000000E+00   0.000000E+00    +0.000000E+00   0.000000E+00      hfr  
  -1.817920E-01      3.600000E-05     0       +4.00      7.757981E-06    0.000000E+00    1.217099E-01    5.074900E-02    +0.000000E+00   0.000000E+00    +0.000000E+00   0.000000E+00      hfr  
  -5.727505E-02      1.100000E-05     0       +3.00      2.904453E-08    0.000000E+00    1.249830E-01    5.211300E-02    +0.000000E+00   0.000000E+00    +0.000000E+00   0.000000E+00      hfr  
  +1.311396E-01      2.600000E-05     0       +3.00      1.717168E-05    0.000000E+00    1.249830E-01    5.211300E-02    +0.000000E+00   0.000000E+00    +0.000000E+00   0.000000E+00      hfr  
  +2.848734E-01      5.700000E-05     0       +3.00      2.973243E-06    0.000000E+00    1.249830E-01    5.211300E-02    +0.000000E+00   0.000000E+00    +0.000000E+00   0.000000E+00      hfr  
  +3.162070E-01      6.300000E-05     0       +3.00      2.990762E-06    0.000000E+00    1.249830E-01    5.211300E-02    +0.000000E+00   0.000000E+00    +0.000000E+00   0.000000E+00      hfr  
  +3.580629E-01      7.200000E-05     0       +4.00      8.068613E-07    0.000000E+00    1.217099E-01    5.074900E-02    +0.000000E+00   0.000000E+00    +0.000000E+00   0.000000E+00      hfr  
  +4.836931E-01      9.700000E-05     0       +4.00      6.197350E-10    0.000000E+00    1.217099E-01    5.074900E-02    +0.000000E+00   0.000000E+00    +0.000000E+00   0.000000E+00      hfr  
  +7.414082E-01      1.480000E-04     0       +4.00      7.737286E-08    0.000000E+00    1.217099E-01    5.074900E-02    +0.000000E+00   0.000000E+00    +0.000000E+00   0.000000E+00      hfr  
  +7.757170E-01      1.550000E-04     0       +4.00      1.373992E-05    0.000000E+00    1.217099E-01    5.074900E-02    +0.000000E+00   0.000000E+00    +0.000000E+00   0.000000E+00      hfr  
  +8.038712E-01      1.610000E-04     0       +3.00      5.227720E-10    0.000000E+00    1.249830E-01    5.211300E-02    +0.000000E+00   0.000000E+00    +0.000000E+00   0.000000E+00      hfr  
  +9.005099E-01      1.800000E-04     0       +4.00      4.429260E-05    0.000000E+00    1.217099E-01    5.074900E-02    +0.000000E+00   0.000000E+00    +0.000000E+00   0.000000E+00      hfr  
  +1.031884E+00      2.060000E-04     0       +4.00      2.762200E-05    0.000000E+00    1.217099E-01    5.074900E-02    +0.000000E+00   0.000000E+00    +0.000000E+00   0.000000E+00      hfr  
  +1.057462E+00      2.110000E-04     0       +3.00      6.577258E-05    1.000000E-06    1.249830E-01    5.211300E-02    +0.000000E+00   0.000000E+00    +0.000000E+00   0.000000E+00      hfr  
  +1.098301E+00      2.200000E-04     0       +4.00      1.241995E-07    0.000000E+00    1.217099E-01    5.074900E-02    +0.000000E+00   0.000000E+00    +0.000000E+00   0.000000E+00      hfr  
  +1.222267E+00      2.440000E-04     0       +3.00      2.814173E-05    0.000000E+00    1.249830E-01    5.211300E-02    +0.000000E+00   0.000000E+00    +0.000000E+00   0.000000E+00      hfr  
  +1.236598E+00      2.470000E-04     0       +4.00      4.783275E-07    0.000000E+00    1.217099E-01    5.074900E-02    +0.000000E+00   0.000000E+00    +0.000000E+00   0.000000E+00      hfr  
  +1.312738E+00      2.630000E-04     0       +3.00      1.475260E-04    2.000000E-06    1.249830E-01    5.211300E-02    +0.000000E+00   0.000000E+00    +0.000000E+00   0.000000E+00      hfr  
  +1.344209E+00      2.690000E-04     0       +3.00      7.155319E-07    0.000000E+00    1.249830E-01    5.211300E-02    +0.000000E+00   0.000000E+00    +0.000000E+00   0.000000E+00      hfr  
  +1.433922E+00      2.870000E-04     0       +4.00      7.031881E-05    1.000000E-06    1.217099E-01    5.074900E-02    +0.000000E+00   0.000000E+00    +0.000000E+00   0.000000E+00      hfr  
  +1.487761E+00      2.980000E-04     0       +4.00      6.833698E-06    0.000000E+00    1.217099E-01    5.074900E-02    +0.000000E+00   0.000000E+00    +0.000000E+00   0.000000E+00      hfr  
  +1.628988E+00      3.260000E-04     0       +4.00      9.895533E-06    0.000000E+00    1.217099E-01    5.074900E-02    +0.000000E+00   0.000000E+00    +0.000000E+00   0.000000E+00      hfr  
  +1.646645E+00      3.290000E-04     0       +3.00      4.876530E-07    0.000000E+00    1.249830E-01    5.211300E-02    +0.000000E+00   0.000000E+00    +0.000000E+00   0.000000E+00      hfr  
  +1.779406E+00      3.560000E-04     0       +3.00      1.166590E-06    0.000000E+00    1.249830E-01    5.211300E-02    +0.000000E+00   0.000000E+00    +0.000000E+00   0.000000E+00      hfr  
  +1.805234E+00      3.610000E-04     0       +4.00      4.414055E-06    0.000000E+00    1.217099E-01    5.074900E-02    +0.000000E+00   0.000000E+00    +0.000000E+00   0.000000E+00      hfr  
  +1.845053E+00      3.690000E-04     0       +3.00      3.789912E-05    0.000000E+00    1.249830E-01    5.211300E-02    +0.000000E+00   0.000000E+00    +0.000000E+00   0.000000E+00      hfr  
  +1.906992E+00      3.810000E-04     1       +4.00      2.004790E-11    0.000000E+00    1.216443E-01    5.072100E-02    +0.000000E+00   0.000000E+00    +0.000000E+00   0.000000E+00      hfr  
  +1.946432E+00      3.890000E-04     0       +4.00      1.873598E-05    0.000000E+00    1.217099E-01    5.074900E-02    +0.000000E+00   0.000000E+00    +0.000000E+00   0.000000E+00      hfr  
  +2.113478E+00      4.230000E-04     1       +4.00      3.613680E-11    0.000000E+00    1.216443E-01    5.072100E-02    +0.000000E+00   0.000000E+00    +0.000000E+00   0.000000E+00      hfr  
  +2.113623E+00      4.230000E-04     0       +3.00      1.484472E-05    0.000000E+00    1.249830E-01    5.211300E-02    +0.000000E+00   0.000000E+00    +0.000000E+00   0.000000E+00      hfr  
  +2.151992E+00      4.300000E-04     0       +4.00      8.376035E-06    0.000000E+00    1.217099E-01    5.074900E-02    +0.000000E+00   0.000000E+00    +0.000000E+00   0.000000E+00      hfr  
  +2.206420E+00      4.410000E-04     0       +3.00      4.143195E-06    0.000000E+00    1.249830E-01    5.211300E-02    +0.000000E+00   0.000000E+00    +0.000000E+00   0.000000E+00      hfr  
  +2.280972E+00      4.560000E-04     0       +4.00      4.923384E-05    1.000000E-06    1.217099E-01    5.074900E-02    +0.000000E+00   0.000000E+00    +0.000000E+00   0.000000E+00      hfr  
  +2.317188E+00      4.630000E-04     0       +3.00      2.380522E-05    0.000000E+00    1.249830E-01    5.211300E-02    +0.000000E+00   0.000000E+00    +0.000000E+00   0.000000E+00      hfr  
  +2.547135E+00      5.090000E-04     0       +3.00      4.888175E-05    1.000000E-06    1.249830E-01    5.211300E-02    +0.000000E+00   0.000000E+00    +0.000000E+00   0.000000E+00      hfr  
  +2.594473E+00      5.190000E-04     0       +4.00      3.486101E-05    0.000000E+00    1.217099E-01    5.074900E-02    +0.000000E+00   0.000000E+00    +0.000000E+00   0.000000E+00      hfr  
  +2.598922E+00      5.200000E-04     1       +4.00      2.002400E-11    0.000000E+00    1.216443E-01    5.072100E-02    +0.000000E+00   0.000000E+00    +0.000000E+00   0.000000E+00      hfr  
  +2.684214E+00      5.370000E-04     1       +5.00      2.851230E-11    0.000000E+00    1.179714E-01    4.919000E-02    +0.000000E+00   0.000000E+00    +0.000000E+00   0.000000E+00      hfr  
  +2.736429E+00      5.470000E-04     0       +4.00      1.683207E-04    2.000000E-06    1.217099E-01    5.074900E-02    +0.000000E+00   0.000000E+00    +0.000000E+00   0.000000E+00      hfr  
  +2.753474E+00      5.510000E-04     0       +3.00      1.667843E-05    0.000000E+00    1.249830E-01    5.211300E-02    +0.000000E+00   0.000000E+00    +0.000000E+00   0.000000E+00      hfr  
  +2.822581E+00      5.650000E-04     0       +4.00      3.786933E-05    0.000000E+00    1.217099E-01    5.074900E-02    +0.000000E+00   0.000000E+00    +0.000000E+00   0.000000E+00      hfr  
  +3.127602E+00      6.260000E-04     1       +2.00      7.190280E-11    0.000000E+00    1.272732E-01    5.306800E-02    +0.000000E+00   0.000000E+00    +0.000000E+00   0.000000E+00      hfr  
  +3.197252E+00      6.390000E-04     0       +4.00      3.891879E-06    0.000000E+00    1.217099E-01    5.074900E-02    +0.000000E+00   0.000000E+00    +0.000000E+00   0.000000E+00      hfr  
  +3.198665E+00      6.400000E-04     0       +3.00      1.539326E-05    0.000000E+00    1.249830E-01    5.211300E-02    +0.000000E+00   0.000000E+00    +0.000000E+00   0.000000E+00      hfr  
  +3.294843E+00      6.590000E-04     0       +4.00      2.751687E-06    0.000000E+00    1.217099E-01    5.074900E-02    +0.000000E+00   0.000000E+00    +0.000000E+00   0.000000E+00      hfr  
  +3.323398E+00      6.650000E-04     1       +4.00      3.671370E-11    0.000000E+00    1.216443E-01    5.072100E-02    +0.000000E+00   0.000000E+00    +0.000000E+00   0.000000E+00      hfr  
  +3.328056E+00      6.660000E-04     0       +3.00      8.399323E-05    1.000000E-06    1.249830E-01    5.211300E-02    +0.000000E+00   0.000000E+00    +0.000000E+00   0.000000E+00      hfr  
  +3.372953E+00      6.750000E-04     0       +4.00      2.107213E-05    0.000000E+00    1.217099E-01    5.074900E-02    +0.000000E+00   0.000000E+00    +0.000000E+00   0.000000E+00      hfr  
  +3.386801E+00      6.770000E-04     1       +5.00      2.189250E-11    0.000000E+00    1.179714E-01    4.919000E-02    +0.000000E+00   0.000000E+00    +0.000000E+00   0.000000E+00      hfr  
  +3.421025E+00      6.840000E-04     0       +3.00      4.451751E-07    0.000000E+00    1.249830E-01    5.211300E-02    +0.000000E+00   0.000000E+00    +0.000000E+00   0.000000E+00      hfr  
  +3.506292E+00      7.010000E-04     1       +5.00      2.845730E-11    0.000000E+00    1.179714E-01    4.919000E-02    +0.000000E+00   0.000000E+00    +0.000000E+00   0.000000E+00      hfr  
  +3.653574E+00      7.310000E-04     0       +3.00      6.184631E-06    0.000000E+00    1.249830E-01    5.211300E-02    +0.000000E+00   0.000000E+00    +0.000000E+00   0.000000E+00      hfr  
  +3.767709E+00      7.540000E-04     0       +4.00      1.724342E-06    0.000000E+00    1.217099E-01    5.074900E-02    +0.000000E+00   0.000000E+00    +0.000000E+00   0.000000E+00      hfr  
  +3.890341E+00      7.780000E-04     0       +3.00      2.114315E-06    0.000000E+00    1.249830E-01    5.211300E-02    +0.000000E+00   0.000000E+00    +0.000000E+00   0.000000E+00      hfr  
  +3.905752E+00      7.810000E-04     0       +4.00      1.814533E-05    0.000000E+00    1.217099E-01    5.074900E-02    +0.000000E+00   0.000000E+00    +0.000000E+00   0.000000E+00      hfr  
  +3.926820E+00      7.850000E-04     0       +4.00      5.235157E-05    1.000000E-06    1.217099E-01    5.074900E-02    +0.000000E+00   0.000000E+00    +0.000000E+00   0.000000E+00      hfr  
  +3.965523E+00      7.930000E-04     1       +3.00      1.956760E-11    0.000000E+00    1.247908E-01    5.203300E-02    +0.000000E+00   0.000000E+00    +0.000000E+00   0.000000E+00      hfr  
  +3.996168E+00      7.990000E-04     1       +2.00      3.710970E-11    0.000000E+00    1.272732E-01    5.306800E-02    +0.000000E+00   0.000000E+00    +0.000000E+00   0.000000E+00      hfr  
  +4.032649E+00      8.070000E-04     0       +3.00      1.498913E-05    0.000000E+00    1.249830E-01    5.211300E-02    +0.000000E+00   0.000000E+00    +0.000000E+00   0.000000E+00      hfr  
  +4.068661E+00      8.140000E-04     0       +4.00      2.040150E-06    0.000000E+00    1.217099E-01    5.074900E-02    +0.000000E+00   0.000000E+00    +0.000000E+00   0.000000E+00      hfr  
  +4.096806E+00      8.190000E-04     1       +5.00      4.123180E-11    0.000000E+00    1.179714E-01    4.919000E-02    +0.000000E+00   0.000000E+00    +0.000000E+00   0.000000E+00      hfr  
  +4.204990E+00      8.410000E-04     0       +4.00      5.475440E-06    0.000000E+00    1.217099E-01    5.074900E-02    +0.000000E+00   0.000000E+00    +0.000000E+00   0.000000E+00      hfr  
  +4.343745E+00      8.690000E-04     1       +2.00      1.823900E-11    0.000000E+00    1.272732E-01    5.306800E-02    +0.000000E+00   0.000000E+00    +0.000000E+00   0.000000E+00      hfr  
  +4.352482E+00      8.700000E-04     0       +3.00      3.805780E-05    0.000000E+00    1.249830E-01    5.211300E-02    +0.000000E+00   0.000000E+00    +0.000000E+00   0.000000E+00      hfr  
  +4.403230E+00      8.810000E-04     0       +4.00      9.792248E-06    0.000000E+00    1.217099E-01    5.074900E-02    +0.000000E+00   0.000000E+00    +0.000000E+00   0.000000E+00      hfr  
  +4.448466E+00      8.900000E-04     1       +3.00      4.628990E-11    0.000000E+00    1.247908E-01    5.203300E-02    +0.000000E+00   0.000000E+00    +0.000000E+00   0.000000E+00      hfr  
  +4.561241E+00      9.120000E-04     0       +4.00      6.754654E-05    1.000000E-06    1.217099E-01    5.074900E-02    +0.000000E+00   0.000000E+00    +0.000000E+00   0.000000E+00      hfr  
  +4.570923E+00      9.140000E-04     0       +3.00      1.488576E-05    0.000000E+00    1.249830E-01    5.211300E-02    +0.000000E+00   0.000000E+00    +0.000000E+00   0.000000E+00      hfr  
  +4.664019E+00      9.330000E-04     0       +3.00      4.012183E-06    0.000000E+00    1.249830E-01    5.211300E-02    +0.000000E+00   0.000000E+00    +0.000000E+00   0.000000E+00      hfr  
  +4.703850E+00      9.410000E-04     0       +4.00      1.774196E-04    2.000000E-06    1.217099E-01    5.074900E-02    +0.000000E+00   0.000000E+00    +0.000000E+00   0.000000E+00      hfr  
  +4.809045E+00      9.620000E-04     0       +4.00      9.332655E-05    1.000000E-06    1.217099E-01    5.074900E-02    +0.000000E+00   0.000000E+00    +0.000000E+00   0.000000E+00      hfr  
  +4.833270E+00      9.670000E-04     0       +3.00      3.431652E-05    0.000000E+00    1.249830E-01    5.211300E-02    +0.000000E+00   0.000000E+00    +0.000000E+00   0.000000E+00      hfr  
  +4.948771E+00      9.900000E-04     0       +3.00      1.377794E-04    1.000000E-06    1.249830E-01    5.211300E-02    +0.000000E+00   0.000000E+00    +0.000000E+00   0.000000E+00      hfr  
  +5.046091E+00      1.009000E-03     0       +4.00      2.341965E-05    0.000000E+00    1.217099E-01    5.074900E-02    +0.000000E+00   0.000000E+00    +0.000000E+00   0.000000E+00      hfr  
  +5.109672E+00      1.022000E-03     1       +5.00      3.816070E-11    0.000000E+00    1.179714E-01    4.919000E-02    +0.000000E+00   0.000000E+00    +0.000000E+00   0.000000E+00      hfr  
  +5.156313E+00      1.031000E-03     0       +3.00      3.155962E-05    0.000000E+00    1.249830E-01    5.211300E-02    +0.000000E+00   0.000000E+00    +0.000000E+00   0.000000E+00      hfr  
  +5.327639E+00      1.066000E-03     0       +3.00      4.957079E-06    0.000000E+00    1.249830E-01    5.211300E-02    +0.000000E+00   0.000000E+00    +0.000000E+00   0.000000E+00      hfr  
  +5.333910E+00      1.067000E-03     0       +4.00      4.325775E-06    0.000000E+00    1.217099E-01    5.074900E-02    +0.000000E+00   0.000000E+00    +0.000000E+00   0.000000E+00      hfr  
  +5.393619E+00      1.079000E-03     0       +4.00      1.707037E-05    0.000000E+00    1.217099E-01    5.074900E-02    +0.000000E+00   0.000000E+00    +0.000000E+00   0.000000E+00      hfr  
  +5.394822E+00      1.079000E-03     1       +3.00      3.530250E-11    0.000000E+00    1.247908E-01    5.203300E-02    +0.000000E+00   0.000000E+00    +0.000000E+00   0.000000E+00      hfr  
  +5.412998E+00      1.083000E-03     0       +3.00      4.716426E-05    0.000000E+00    1.249830E-01    5.211300E-02    +0.000000E+00   0.000000E+00    +0.000000E+00   0.000000E+00      hfr  
  +5.451909E+00      1.090000E-03     1       +2.00      7.234710E-11    0.000000E+00    1.272732E-01    5.306800E-02    +0.000000E+00   0.000000E+00    +0.000000E+00   0.000000E+00      hfr  
  +5.472514E+00      1.095000E-03     1       +5.00      1.316600E-10    0.000000E+00    1.179714E-01    4.919000E-02    +0.000000E+00   0.000000E+00    +0.000000E+00   0.000000E+00      hfr  
  +5.608380E+00      1.122000E-03     0       +4.00      8.075534E-08    0.000000E+00    1.217099E-01    5.074900E-02    +0.000000E+00   0.000000E+00    +0.000000E+00   0.000000E+00      hfr  
  +5.638213E+00      1.128000E-03     0       +3.00      2.005849E-04    2.000000E-06    1.249830E-01    5.211300E-02    +0.000000E+00   0.000000E+00    +0.000000E+00   0.000000E+00      hfr  
  +5.690278E+00      1.138000E-03     1       +5.00      3.173330E-11    0.000000E+00    1.179714E-01    4.919000E-02    +0.000000E+00   0.000000E+00    +0.000000E+00   0.000000E+00      hfr  
  +5.712893E+00      1.143000E-03     0       +4.00      2.369028E-05    0.000000E+00    1.217099E-01    5.074900E-02    +0.000000E+00   0.000000E+00    +0.000000E+00   0.000000E+00      hfr  
  +5.760028E+00      1.152000E-03     0       +3.00      9.851596E-05    1.000000E-06    1.249830E-01    5.211300E-02    +0.000000E+00   0.000000E+00    +0.000000E+00   0.000000E+00      hfr  
  +5.816131E+00      1.163000E-03     0       +4.00      6.646121E-07    0.000000E+00    1.217099E-01    5.074900E-02    +0.000000E+00   0.000000E+00    +0.000000E+00   0.000000E+00      hfr  
  +6.031683E+00      1.206000E-03     1       +5.00      1.043360E-10    0.000000E+00    1.179714E-01    4.919000E-02    +0.000000E+00   0.000000E+00    +0.000000E+00   0.000000E+00      hfr  
  +6.033131E+00      1.207000E-03     0       +4.00      6.847691E-06    0.000000E+00    1.217099E-01    5.074900E-02    +0.000000E+00   0.000000E+00    +0.000000E+00   0.000000E+00      hfr  
  +6.068793E+00      1.214000E-03     0       +4.00      9.662273E-05    1.000000E-06    1.217099E-01    5.074900E-02    +0.000000E+00   0.000000E+00    +0.000000E+00   0.000000E+00      hfr  
  +6.086103E+00      1.217000E-03     1       +4.00      4.542900E-11    0.000000E+00    1.216443E-01    5.072100E-02    +0.000000E+00   0.000000E+00    +0.000000E+00   0.000000E+00      hfr  
  +6.128192E+00      1.226000E-03     1       +3.00      4.471560E-11    0.000000E+00    1.247908E-01    5.203300E-02    +0.000000E+00   0.000000E+00    +0.000000E+00   0.000000E+00      hfr  
  +6.190276E+00      1.238000E-03     0       +4.00      7.536137E-07    0.000000E+00    1.217099E-01    5.074900E-02    +0.000000E+00   0.000000E+00    +0.000000E+00   0.000000E+00      hfr  
  +6.310211E+00      1.262000E-03     0       +3.00      9.435103E-06    0.000000E+00    1.249830E-01    5.211300E-02    +0.000000E+00   0.000000E+00    +0.000000E+00   0.000000E+00      hfr  
  +6.323854E+00      1.265000E-03     1       +2.00      6.334760E-11    0.000000E+00    1.272732E-01    5.306800E-02    +0.000000E+00   0.000000E+00    +0.000000E+00   0.000000E+00      hfr  
