# D. Rochman  TARES version 1.8 , Villigen   , Switzerland
# Time: Wed Oct  7 12:45:35 2026
#                        
# Element                            : Cr
# Z                                  : 24
# A                                  : 59
# I                                  : 0
# Half-life                   [sec. ]: 1.05 
# Data origin                        : TARES
# Formalism                          : Multi-level Breit-Wigner
# Emin (RRR)                     [eV]: 1e-5  
# Emax (RRR)                     [eV]: 8.733454E+04 
# Emax2 (background)             [eV]: 1.000000E+05 
# Number of resonances (<Emax)       : 73
# Number of resonances (<Emax2)      : 76
# Thermal (n,g) xs (systematics) [b.]: 1.037650E+00 
# Ress Int. (n,g) (systematics)  [b.]: 5.737860E-01 
# MACS 30 keV (calculated)       [b.]: 3.069900E-03
# Westcott factor (calculated)       : 1.000580E+00
#
# Thermal (n,el) xs (systema.)   [b.]: 2.002590E+01 
# Res. Int (n,el) (calculated)   [b.]: 7.677030E+02 
#
# Scattering radius              [fm]: 5.18 +/- 0.41 
#
# Average Gtotal   l=0           [eV]: 1.817700E+03 
# Average reduced (Gn^0) Gn l=0  [eV]: 9.132680E+00 
# Average Gg       l=0           [eV]: 8.134760E-02 
# Average level spacing D0 (l=0) [eV]: 7.939500E+03 
# Neutron strength function S0 (l=0) : 5.123260E-04 
#
# Average Gtotal   l=1           [eV]: 1.293250E+01 
# Average reduced (Gn^1) Gn l=1  [eV]: 9.846040E-01 
# Average Gg       l=1           [eV]: 2.771980E-02 
# Average level spacing D1 (l=1) [eV]: 5.822300E+03 
# Neutron strength function S1 (l=1) : 4.471370E-05 
#
# Average Gtotal   l=2           [eV]: 5.918200E-01 
# Average reduced (Gn^2) Gn l=2  [eV]: 5.274770E+00 
# Average Gg       l=2           [eV]: 6.681540E-02 
# Average level spacing D2 (l=2) [eV]: 4.158790E+03 
# Neutron strength function S2 (l=2) : 3.804400E-04 
#
#
#          
#   Energy (eV)     +/- DE (eV)       l         J          Gn (eV)       +/- DGn (eV)       Gg (eV)      +/- DGg (eV)       Gf1 (eV)     +/- DGf1 (eV)       Gf2 (eV)     +/- DGf2 (eV)    Origin  
#<---------------><---------------><-----><-----------><--------------><--------------><--------------><--------------><--------------><--------------><---------------><--------------><---------->
  -7.508515E+04      1.501703E+01     0       +0.00      6.865256E+02    9.445473E+00    4.165136E-02    2.292200E-02    +0.000000E+00   0.000000E+00    +0.000000E+00   0.000000E+00      hfr  
  -5.614946E+04      1.122989E+01     1       +0.00      4.518435E-02    6.220000E-04    1.913949E-02    1.053300E-02    +0.000000E+00   0.000000E+00    +0.000000E+00   0.000000E+00      hfr  
  -4.539948E+04      9.079896E+00     1       +0.00      3.645270E+01    5.015300E-01    1.913949E-02    1.053300E-02    +0.000000E+00   0.000000E+00    +0.000000E+00   0.000000E+00      hfr  
  -4.071027E+04      8.142054E+00     2       +1.00      5.428822E-02    7.470000E-04    1.330928E-01    7.324600E-02    +0.000000E+00   0.000000E+00    +0.000000E+00   0.000000E+00      hfr  
  -3.762427E+04      7.524854E+00     2       +1.00      4.532405E-02    6.240000E-04    1.330928E-01    7.324600E-02    +0.000000E+00   0.000000E+00    +0.000000E+00   0.000000E+00      hfr  
  -3.226440E+04      6.452880E+00     0       +1.00      6.097672E+02    8.389403E+00    1.097020E-01    6.037300E-02    +0.000000E+00   0.000000E+00    +0.000000E+00   0.000000E+00      hfr  
  -3.071774E+04      6.143548E+00     0       +1.00      1.412908E+02    1.943931E+00    1.097020E-01    6.037300E-02    +0.000000E+00   0.000000E+00    +0.000000E+00   0.000000E+00      hfr  
  -2.958026E+04      5.916052E+00     2       +3.00      8.638096E-02    1.188000E-03    4.805086E-02    2.644400E-02    +0.000000E+00   0.000000E+00    +0.000000E+00   0.000000E+00      hfr  
  -2.825933E+04      5.651866E+00     1       +1.00      7.169997E+00    9.864700E-02    3.711592E-02    2.042600E-02    +0.000000E+00   0.000000E+00    +0.000000E+00   0.000000E+00      hfr  
  -2.800037E+04      5.600074E+00     0       +0.00      8.444570E+03    1.161835E+02    4.165136E-02    2.292200E-02    +0.000000E+00   0.000000E+00    +0.000000E+00   0.000000E+00      hfr  
  -2.722874E+04      5.445748E+00     2       +2.00      1.249480E-02    1.720000E-04    5.661666E-02    3.115800E-02    +0.000000E+00   0.000000E+00    +0.000000E+00   0.000000E+00      hfr  
  -2.681502E+04      5.363004E+00     1       +0.00      9.565022E+00    1.315990E-01    1.913949E-02    1.053300E-02    +0.000000E+00   0.000000E+00    +0.000000E+00   0.000000E+00      hfr  
  -2.628129E+04      5.256258E+00     2       +2.00      7.777875E-02    1.070000E-03    4.666639E-02    2.568200E-02    +0.000000E+00   0.000000E+00    +0.000000E+00   0.000000E+00      hfr  
  -2.615280E+04      5.230560E+00     2       +3.00      8.610037E-03    1.180000E-04    5.829632E-02    3.208300E-02    +0.000000E+00   0.000000E+00    +0.000000E+00   0.000000E+00      hfr  
  -2.570132E+04      5.140264E+00     1       +2.00      1.098466E+00    1.511300E-02    2.077528E-02    1.143300E-02    +0.000000E+00   0.000000E+00    +0.000000E+00   0.000000E+00      hfr  
  -1.922151E+04      3.844302E+00     1       +2.00      3.667738E+00    5.046200E-02    2.077528E-02    1.143300E-02    +0.000000E+00   0.000000E+00    +0.000000E+00   0.000000E+00      hfr  
  -1.842426E+04      3.684852E+00     1       +1.00      1.948441E-01    2.681000E-03    3.711592E-02    2.042600E-02    +0.000000E+00   0.000000E+00    +0.000000E+00   0.000000E+00      hfr  
  -1.601117E+04      3.202234E+00     0       +0.00      2.278154E+01    3.134370E-01    4.165136E-02    2.292200E-02    +0.000000E+00   0.000000E+00    +0.000000E+00   0.000000E+00      hfr  
  -1.498596E+04      2.997192E+00     2       +2.00      6.920262E-02    9.520000E-04    4.666639E-02    2.568200E-02    +0.000000E+00   0.000000E+00    +0.000000E+00   0.000000E+00      hfr  
  -1.234964E+04      2.469928E+00     0       +1.00      1.507677E+01    2.074320E-01    1.097020E-01    6.037300E-02    +0.000000E+00   0.000000E+00    +0.000000E+00   0.000000E+00      hfr  
  -9.709982E+03      1.941996E+00     1       +1.00      6.794942E-04    9.000000E-06    4.502982E-02    2.478100E-02    +0.000000E+00   0.000000E+00    +0.000000E+00   0.000000E+00      hfr  
  -8.688623E+03      1.737725E+00     2       +3.00      5.311752E-07    0.000000E+00    5.829632E-02    3.208300E-02    +0.000000E+00   0.000000E+00    +0.000000E+00   0.000000E+00      hfr  
  -6.743717E+03      1.348743E+00     2       +1.00      7.707088E-03    1.060000E-04    1.330928E-01    7.324600E-02    +0.000000E+00   0.000000E+00    +0.000000E+00   0.000000E+00      hfr  
  -6.204904E+03      1.240981E+00     1       +2.00      3.320985E-02    4.570000E-04    2.077528E-02    1.143300E-02    +0.000000E+00   0.000000E+00    +0.000000E+00   0.000000E+00      hfr  
  +8.171838E+02      1.634370E-01     0       +0.00      3.124856E+02    4.299293E+00    4.165136E-02    2.292200E-02    +0.000000E+00   0.000000E+00    +0.000000E+00   0.000000E+00      hfr  
  +2.483314E+03      4.966630E-01     0       +1.00      2.646699E+02    3.641426E+00    1.097020E-01    6.037300E-02    +0.000000E+00   0.000000E+00    +0.000000E+00   0.000000E+00      hfr  
  +7.216900E+03      1.443380E+00     2       +2.00      1.285749E-02    1.770000E-04    5.661666E-02    3.115800E-02    +0.000000E+00   0.000000E+00    +0.000000E+00   0.000000E+00      hfr  
  +1.299982E+04      2.599964E+00     1       +1.00      5.568554E+00    7.661400E-02    3.711592E-02    2.042600E-02    +0.000000E+00   0.000000E+00    +0.000000E+00   0.000000E+00      hfr  
  +1.408453E+04      2.816906E+00     0       +0.00      1.283905E+03    1.766444E+01    4.165136E-02    2.292200E-02    +0.000000E+00   0.000000E+00    +0.000000E+00   0.000000E+00      hfr  
  +1.614761E+04      3.229522E+00     2       +2.00      2.258408E-02    3.110000E-04    5.661666E-02    3.115800E-02    +0.000000E+00   0.000000E+00    +0.000000E+00   0.000000E+00      hfr  
  +1.694484E+04      3.388968E+00     1       +1.00      2.921211E-01    4.019000E-03    3.711592E-02    2.042600E-02    +0.000000E+00   0.000000E+00    +0.000000E+00   0.000000E+00      hfr  
  +1.850176E+04      3.700352E+00     2       +3.00      1.799016E-01    2.475000E-03    4.805086E-02    2.644400E-02    +0.000000E+00   0.000000E+00    +0.000000E+00   0.000000E+00      hfr  
  +1.893054E+04      3.786108E+00     2       +1.00      6.581960E-02    9.060000E-04    1.330928E-01    7.324600E-02    +0.000000E+00   0.000000E+00    +0.000000E+00   0.000000E+00      hfr  
  +1.939204E+04      3.878408E+00     2       +2.00      1.592251E-02    2.190000E-04    5.661666E-02    3.115800E-02    +0.000000E+00   0.000000E+00    +0.000000E+00   0.000000E+00      hfr  
  +2.328492E+04      4.656984E+00     0       +1.00      1.187812E+03    1.634236E+01    1.097020E-01    6.037300E-02    +0.000000E+00   0.000000E+00    +0.000000E+00   0.000000E+00      hfr  
  +2.376496E+04      4.752992E+00     1       +1.00      4.106824E+00    5.650300E-02    3.711592E-02    2.042600E-02    +0.000000E+00   0.000000E+00    +0.000000E+00   0.000000E+00      hfr  
  +2.459904E+04      4.919808E+00     0       +0.00      3.929513E+02    5.406369E+00    4.165136E-02    2.292200E-02    +0.000000E+00   0.000000E+00    +0.000000E+00   0.000000E+00      hfr  
  +2.837346E+04      5.674692E+00     0       +1.00      3.986887E+01    5.485310E-01    1.097020E-01    6.037300E-02    +0.000000E+00   0.000000E+00    +0.000000E+00   0.000000E+00      hfr  
  +2.860747E+04      5.721494E+00     2       +3.00      3.495328E-02    4.810000E-04    5.829632E-02    3.208300E-02    +0.000000E+00   0.000000E+00    +0.000000E+00   0.000000E+00      hfr  
  +3.478421E+04      6.956842E+00     1       +1.00      2.230754E+00    3.069200E-02    3.711592E-02    2.042600E-02    +0.000000E+00   0.000000E+00    +0.000000E+00   0.000000E+00      hfr  
  +3.483612E+04      6.967224E+00     1       +2.00      6.518646E+00    8.968600E-02    2.077528E-02    1.143300E-02    +0.000000E+00   0.000000E+00    +0.000000E+00   0.000000E+00      hfr  
  +4.181221E+04      8.362442E+00     2       +3.00      6.989155E-01    9.616000E-03    4.805086E-02    2.644400E-02    +0.000000E+00   0.000000E+00    +0.000000E+00   0.000000E+00      hfr  
  +4.242439E+04      8.484878E+00     2       +3.00      3.316515E-01    4.563000E-03    4.805086E-02    2.644400E-02    +0.000000E+00   0.000000E+00    +0.000000E+00   0.000000E+00      hfr  
  +4.499600E+04      8.999200E+00     1       +2.00      1.865850E+01    2.567110E-01    2.077528E-02    1.143300E-02    +0.000000E+00   0.000000E+00    +0.000000E+00   0.000000E+00      hfr  
  +4.554312E+04      9.108624E+00     0       +1.00      3.632831E+03    4.998183E+01    1.097020E-01    6.037300E-02    +0.000000E+00   0.000000E+00    +0.000000E+00   0.000000E+00      hfr  
  +4.684776E+04      9.369552E+00     2       +2.00      3.863946E-02    5.320000E-04    5.661666E-02    3.115800E-02    +0.000000E+00   0.000000E+00    +0.000000E+00   0.000000E+00      hfr  
  +4.723845E+04      9.447690E+00     2       +1.00      3.278362E-02    4.510000E-04    1.330928E-01    7.324600E-02    +0.000000E+00   0.000000E+00    +0.000000E+00   0.000000E+00      hfr  
  +4.952127E+04      9.904254E+00     1       +2.00      7.755670E+00    1.067050E-01    2.077528E-02    1.143300E-02    +0.000000E+00   0.000000E+00    +0.000000E+00   0.000000E+00      hfr  
  +5.054488E+04      1.010898E+01     2       +1.00      4.553806E-01    6.265000E-03    1.097020E-01    6.037300E-02    +0.000000E+00   0.000000E+00    +0.000000E+00   0.000000E+00      hfr  
  +5.171654E+04      1.034331E+01     1       +2.00      4.557666E+00    6.270600E-02    2.077528E-02    1.143300E-02    +0.000000E+00   0.000000E+00    +0.000000E+00   0.000000E+00      hfr  
  +5.428470E+04      1.085694E+01     1       +0.00      4.709254E+01    6.479170E-01    1.913949E-02    1.053300E-02    +0.000000E+00   0.000000E+00    +0.000000E+00   0.000000E+00      hfr  
  +5.815554E+04      1.163111E+01     1       +1.00      6.375832E+00    8.772100E-02    3.711592E-02    2.042600E-02    +0.000000E+00   0.000000E+00    +0.000000E+00   0.000000E+00      hfr  
  +5.897391E+04      1.179478E+01     2       +1.00      1.648597E-01    2.268000E-03    1.097020E-01    6.037300E-02    +0.000000E+00   0.000000E+00    +0.000000E+00   0.000000E+00      hfr  
  +5.899922E+04      1.179984E+01     2       +3.00      1.829738E+00    2.517400E-02    4.805086E-02    2.644400E-02    +0.000000E+00   0.000000E+00    +0.000000E+00   0.000000E+00      hfr  
  +6.091460E+04      1.218292E+01     1       +2.00      2.837675E-01    3.904000E-03    2.077528E-02    1.143300E-02    +0.000000E+00   0.000000E+00    +0.000000E+00   0.000000E+00      hfr  
  +6.093376E+04      1.218675E+01     2       +3.00      4.226373E-02    5.810000E-04    5.829632E-02    3.208300E-02    +0.000000E+00   0.000000E+00    +0.000000E+00   0.000000E+00      hfr  
  +6.205991E+04      1.241198E+01     2       +1.00      1.898369E-01    2.612000E-03    1.097020E-01    6.037300E-02    +0.000000E+00   0.000000E+00    +0.000000E+00   0.000000E+00      hfr  
  +6.415423E+04      1.283085E+01     2       +2.00      3.113415E-01    4.284000E-03    4.666639E-02    2.568200E-02    +0.000000E+00   0.000000E+00    +0.000000E+00   0.000000E+00      hfr  
  +6.741977E+04      1.348395E+01     0       +1.00      8.814463E+02    1.212726E+01    1.097020E-01    6.037300E-02    +0.000000E+00   0.000000E+00    +0.000000E+00   0.000000E+00      hfr  
  +6.896644E+04      1.379329E+01     0       +1.00      2.117085E+02    2.912764E+00    1.097020E-01    6.037300E-02    +0.000000E+00   0.000000E+00    +0.000000E+00   0.000000E+00      hfr  
  +6.911568E+04      1.382314E+01     2       +2.00      1.612768E-02    2.220000E-04    5.661666E-02    3.115800E-02    +0.000000E+00   0.000000E+00    +0.000000E+00   0.000000E+00      hfr  
  +7.010392E+04      1.402078E+01     2       +3.00      7.320986E-01    1.007200E-02    4.805086E-02    2.644400E-02    +0.000000E+00   0.000000E+00    +0.000000E+00   0.000000E+00      hfr  
  +7.142484E+04      1.428497E+01     1       +1.00      2.717669E+01    3.739070E-01    3.711592E-02    2.042600E-02    +0.000000E+00   0.000000E+00    +0.000000E+00   0.000000E+00      hfr  
  +7.168380E+04      1.433676E+01     0       +0.00      1.351158E+04    1.858973E+02    4.165136E-02    2.292200E-02    +0.000000E+00   0.000000E+00    +0.000000E+00   0.000000E+00      hfr  
  +7.245544E+04      1.449109E+01     2       +2.00      1.712257E-01    2.356000E-03    4.666639E-02    2.568200E-02    +0.000000E+00   0.000000E+00    +0.000000E+00   0.000000E+00      hfr  
  +7.286916E+04      1.457383E+01     1       +0.00      4.026088E+01    5.539240E-01    1.913949E-02    1.053300E-02    +0.000000E+00   0.000000E+00    +0.000000E+00   0.000000E+00      hfr  
  +7.340289E+04      1.468058E+01     2       +2.00      9.906306E-01    1.362900E-02    4.666639E-02    2.568200E-02    +0.000000E+00   0.000000E+00    +0.000000E+00   0.000000E+00      hfr  
  +7.353138E+04      1.470628E+01     2       +3.00      1.352572E-01    1.861000E-03    4.805086E-02    2.644400E-02    +0.000000E+00   0.000000E+00    +0.000000E+00   0.000000E+00      hfr  
  +7.398286E+04      1.479657E+01     1       +2.00      5.025618E+00    6.914400E-02    2.077528E-02    1.143300E-02    +0.000000E+00   0.000000E+00    +0.000000E+00   0.000000E+00      hfr  
  +8.046267E+04      1.609253E+01     1       +2.00      2.891534E+01    3.978280E-01    2.077528E-02    1.143300E-02    +0.000000E+00   0.000000E+00    +0.000000E+00   0.000000E+00      hfr  
  +8.125992E+04      1.625198E+01     1       +1.00      1.657670E+00    2.280700E-02    3.711592E-02    2.042600E-02    +0.000000E+00   0.000000E+00    +0.000000E+00   0.000000E+00      hfr  
  +8.367301E+04      1.673460E+01     0       +0.00      5.207919E+01    7.165250E-01    4.165136E-02    2.292200E-02    +0.000000E+00   0.000000E+00    +0.000000E+00   0.000000E+00      hfr  
  +8.469822E+04      1.693964E+01     2       +2.00      5.077305E+00    6.985500E-02    4.666639E-02    2.568200E-02    +0.000000E+00   0.000000E+00    +0.000000E+00   0.000000E+00      hfr  
  +8.733454E+04      1.746691E+01     0       +1.00      4.009351E+01    5.516210E-01    1.097020E-01    6.037300E-02    +0.000000E+00   0.000000E+00    +0.000000E+00   0.000000E+00      hfr  
  +9.294046E+04      1.858809E+01     2       +1.00      6.318204E+00    8.692800E-02    1.097020E-01    6.037300E-02    +0.000000E+00   0.000000E+00    +0.000000E+00   0.000000E+00      hfr  
  +9.347927E+04      1.869586E+01     1       +2.00      1.725564E+00    2.374100E-02    2.077528E-02    1.143300E-02    +0.000000E+00   0.000000E+00    +0.000000E+00   0.000000E+00      hfr  
