# D. Rochman  TARES version 1.8 , Villigen   , Switzerland
# Time: Fri Oct  9 11:53:19 2026
#                        
# Element                            : Hg
# Z                                  : 80
# A                                  : 207
# I                                  : 0
# Half-life                   [min. ]: 2.9 
# Data origin                        : TARES
# Formalism                          : Multi-level Breit-Wigner
# Emin (RRR)                     [eV]: 1e-5  
# Emax (RRR)                     [eV]: 6.872226E+04 
# Emax2 (background)             [eV]: 4.541100E+05 
# Number of resonances (<Emax)       : 99
# Number of resonances (<Emax2)      : 100
# Thermal (n,g) xs (systematics) [b.]: 1.044190E-01 
# Ress Int. (n,g) (systematics)  [b.]: 5.795510E-01 
# MACS 30 keV (calculated)       [b.]: 4.654400E-02
# Westcott factor (calculated)       : 1.000560E+00
#
# Thermal (n,el) xs (systema.)   [b.]: 7.285320E+00 
# Res. Int (n,el) (calculated)   [b.]: 8.955100E+01 
#
# Scattering radius              [fm]: 7.85 +/- 0.55 
#
# Average Gtotal   l=0           [eV]: 9.319540E+01 
# Average reduced (Gn^0) Gn l=0  [eV]: 4.348390E-01 
# Average Gg       l=0           [eV]: 1.174200E+00 
# Average level spacing D0 (l=0) [eV]: 2.643160E+03 
# Neutron strength function S0 (l=0) : 8.453000E-05 
#
# Average Gtotal   l=1           [eV]: 9.413710E+00 
# Average reduced (Gn^1) Gn l=1  [eV]: 3.397350E-01 
# Average Gg       l=1           [eV]: 1.445000E+00 
# Average level spacing D1 (l=1) [eV]: 2.987920E+03 
# Neutron strength function S1 (l=1) : 1.883410E-05 
#
# Average Gtotal   l=2           [eV]: 2.891390E+00 
# Average reduced (Gn^2) Gn l=2  [eV]: 3.189120E+00 
# Average Gg       l=2           [eV]: 1.198390E+00 
# Average level spacing D2 (l=2) [eV]: 5.726850E+03 
# Neutron strength function S2 (l=2) : 6.406500E-05 
#
#
#          
#   Energy (eV)     +/- DE (eV)       l         J          Gn (eV)       +/- DGn (eV)       Gg (eV)      +/- DGg (eV)       Gf1 (eV)     +/- DGf1 (eV)       Gf2 (eV)     +/- DGf2 (eV)    Origin  
#<---------------><---------------><-----><-----------><--------------><--------------><--------------><--------------><--------------><--------------><---------------><--------------><---------->
  -2.323392E+04      4.646784E+00     2       +3.00      3.269383E-01    5.684000E-03    1.319264E-01    9.174800E-02    +0.000000E+00   0.000000E+00    +0.000000E+00   0.000000E+00      hfr  
  -2.288106E+04      4.576212E+00     2       +2.00      2.027663E-02    3.530000E-04    1.212705E-01    8.433700E-02    +0.000000E+00   0.000000E+00    +0.000000E+00   0.000000E+00      hfr  
  -2.186443E+04      4.372886E+00     1       +3.00      1.011065E+00    1.757900E-02    1.818254E-01    1.264500E-01    +0.000000E+00   0.000000E+00    +0.000000E+00   0.000000E+00      hfr  
  -2.175376E+04      4.350752E+00     2       +5.00      3.927993E-01    6.829000E-03    1.235364E-01    8.591300E-02    +0.000000E+00   0.000000E+00    +0.000000E+00   0.000000E+00      hfr  
  -1.869019E+04      3.738038E+00     0       +5.00      2.601767E+00    4.523500E-02    1.235364E+00    8.591330E-01    +0.000000E+00   0.000000E+00    +0.000000E+00   0.000000E+00      hfr  
  -1.740104E+04      3.480208E+00     2       +4.00      6.126645E-02    1.065000E-03    1.190779E-01    8.281300E-02    +0.000000E+00   0.000000E+00    +0.000000E+00   0.000000E+00      hfr  
  -1.701793E+04      3.403586E+00     2       +7.00      1.814134E-03    3.200000E-05    1.093232E-01    7.602900E-02    +0.000000E+00   0.000000E+00    +0.000000E+00   0.000000E+00      hfr  
  -1.642968E+04      3.285936E+00     2       +2.00      2.031505E-02    3.530000E-04    1.212705E-01    8.433700E-02    +0.000000E+00   0.000000E+00    +0.000000E+00   0.000000E+00      hfr  
  -1.631508E+04      3.263016E+00     1       +6.00      3.834145E-01    6.666000E-03    1.040949E+00    7.239270E-01    +0.000000E+00   0.000000E+00    +0.000000E+00   0.000000E+00      hfr  
  -1.568290E+04      3.136580E+00     2       +6.00      2.296827E-02    3.990000E-04    1.123291E-01    7.811900E-02    +0.000000E+00   0.000000E+00    +0.000000E+00   0.000000E+00      hfr  
  -1.465057E+04      2.930114E+00     1       +5.00      2.353882E+00    4.092500E-02    1.364679E+00    9.490650E-01    +0.000000E+00   0.000000E+00    +0.000000E+00   0.000000E+00      hfr  
  -1.437233E+04      2.874466E+00     2       +7.00      6.977481E-01    1.213100E-02    1.093232E-01    7.602900E-02    +0.000000E+00   0.000000E+00    +0.000000E+00   0.000000E+00      hfr  
  -1.423228E+04      2.846456E+00     0       +4.00      3.663011E-01    6.369000E-03    1.190779E+00    8.281260E-01    +0.000000E+00   0.000000E+00    +0.000000E+00   0.000000E+00      hfr  
  -1.389676E+04      2.779352E+00     1       +3.00      1.869239E-01    3.250000E-03    1.818254E-01    1.264500E-01    +0.000000E+00   0.000000E+00    +0.000000E+00   0.000000E+00      hfr  
  -1.278882E+04      2.557764E+00     2       +3.00      3.179192E-02    5.530000E-04    1.319264E-01    9.174800E-02    +0.000000E+00   0.000000E+00    +0.000000E+00   0.000000E+00      hfr  
  -1.189746E+04      2.379492E+00     0       +5.00      1.784638E+02    3.102811E+00    1.235364E+00    8.591330E-01    +0.000000E+00   0.000000E+00    +0.000000E+00   0.000000E+00      hfr  
  -1.178678E+04      2.357356E+00     0       +4.00      1.555188E+01    2.703880E-01    1.190779E+00    8.281260E-01    +0.000000E+00   0.000000E+00    +0.000000E+00   0.000000E+00      hfr  
  -1.162354E+04      2.324708E+00     1       +4.00      1.418119E-01    2.466000E-03    1.412959E+00    9.826410E-01    +0.000000E+00   0.000000E+00    +0.000000E+00   0.000000E+00      hfr  
  -1.135922E+04      2.271844E+00     2       +4.00      9.777027E-02    1.700000E-03    1.190779E-01    8.281300E-02    +0.000000E+00   0.000000E+00    +0.000000E+00   0.000000E+00      hfr  
  -8.843857E+03      1.768771E+00     0       +4.00      1.398882E+00    2.432100E-02    1.190779E+00    8.281260E-01    +0.000000E+00   0.000000E+00    +0.000000E+00   0.000000E+00      hfr  
  -8.726240E+03      1.745248E+00     2       +3.00      3.892473E-03    6.800000E-05    1.319264E-01    9.174800E-02    +0.000000E+00   0.000000E+00    +0.000000E+00   0.000000E+00      hfr  
  -8.535475E+03      1.707095E+00     1       +4.00      3.144578E+00    5.467200E-02    1.412959E+00    9.826410E-01    +0.000000E+00   0.000000E+00    +0.000000E+00   0.000000E+00      hfr  
  -8.113881E+03      1.622776E+00     1       +6.00      1.602513E+00    2.786200E-02    1.040949E+00    7.239270E-01    +0.000000E+00   0.000000E+00    +0.000000E+00   0.000000E+00      hfr  
  -7.988686E+03      1.597737E+00     2       +5.00      3.261778E-02    5.670000E-04    1.235364E-01    8.591300E-02    +0.000000E+00   0.000000E+00    +0.000000E+00   0.000000E+00      hfr  
  -7.756951E+03      1.551390E+00     1       +5.00      2.144959E+00    3.729300E-02    1.364679E+00    9.490650E-01    +0.000000E+00   0.000000E+00    +0.000000E+00   0.000000E+00      hfr  
  -7.651545E+03      1.530309E+00     1       +3.00      7.184932E-01    1.249200E-02    1.818254E-01    1.264500E-01    +0.000000E+00   0.000000E+00    +0.000000E+00   0.000000E+00      hfr  
  -7.111842E+03      1.422368E+00     2       +2.00      7.764602E-03    1.350000E-04    1.212705E-01    8.433700E-02    +0.000000E+00   0.000000E+00    +0.000000E+00   0.000000E+00      hfr  
  -6.504068E+03      1.300814E+00     2       +6.00      4.043297E-03    7.000000E-05    1.123291E-01    7.811900E-02    +0.000000E+00   0.000000E+00    +0.000000E+00   0.000000E+00      hfr  
  -5.802139E+03      1.160428E+00     0       +5.00      8.699311E-01    1.512500E-02    1.235364E-01    8.591300E-02    +0.000000E+00   0.000000E+00    +0.000000E+00   0.000000E+00      hfr  
  -5.445607E+03      1.089121E+00     2       +7.00      2.100519E-03    3.700000E-05    1.093232E-01    7.602900E-02    +0.000000E+00   0.000000E+00    +0.000000E+00   0.000000E+00      hfr  
  -5.080975E+03      1.016195E+00     2       +6.00      6.994443E-03    1.220000E-04    1.123291E-01    7.811900E-02    +0.000000E+00   0.000000E+00    +0.000000E+00   0.000000E+00      hfr  
  -4.204381E+03      8.408760E-01     1       +4.00      4.814757E-01    8.371000E-03    1.412959E+00    9.826410E-01    +0.000000E+00   0.000000E+00    +0.000000E+00   0.000000E+00      hfr  
  -3.697217E+03      7.394430E-01     2       +4.00      4.278573E-04    7.000000E-06    1.190779E-01    8.281300E-02    +0.000000E+00   0.000000E+00    +0.000000E+00   0.000000E+00      hfr  
  -3.016185E+03      6.032370E-01     1       +5.00      6.722106E-02    1.169000E-03    1.364679E-01    9.490600E-02    +0.000000E+00   0.000000E+00    +0.000000E+00   0.000000E+00      hfr  
  -2.495662E+03      4.991320E-01     2       +5.00      6.248492E-03    1.090000E-04    1.235364E-01    8.591300E-02    +0.000000E+00   0.000000E+00    +0.000000E+00   0.000000E+00      hfr  
  -1.379256E+03      2.758510E-01     1       +6.00      1.171332E-02    2.040000E-04    1.040949E-01    7.239300E-02    +0.000000E+00   0.000000E+00    +0.000000E+00   0.000000E+00      hfr  
  +1.688498E+03      3.377000E-01     0       +4.00      7.716897E-01    1.341700E-02    1.190779E-01    8.281300E-02    +0.000000E+00   0.000000E+00    +0.000000E+00   0.000000E+00      hfr  
  +1.909112E+03      3.818220E-01     0       +5.00      6.701133E-01    1.165100E-02    1.235364E+00    8.591330E-01    +0.000000E+00   0.000000E+00    +0.000000E+00   0.000000E+00      hfr  
  +6.970551E+03      1.394110E+00     0       +4.00      6.089660E+01    1.058762E+00    1.190779E+00    8.281260E-01    +0.000000E+00   0.000000E+00    +0.000000E+00   0.000000E+00      hfr  
  +1.023976E+04      2.047952E+00     0       +4.00      2.768415E+01    4.813230E-01    1.190779E+00    8.281260E-01    +0.000000E+00   0.000000E+00    +0.000000E+00   0.000000E+00      hfr  
  +1.044539E+04      2.089078E+00     0       +5.00      2.866960E-01    4.985000E-03    1.235364E+00    8.591330E-01    +0.000000E+00   0.000000E+00    +0.000000E+00   0.000000E+00      hfr  
  +1.181484E+04      2.362968E+00     0       +5.00      4.361164E+00    7.582400E-02    1.235364E+00    8.591330E-01    +0.000000E+00   0.000000E+00    +0.000000E+00   0.000000E+00      hfr  
  +1.213079E+04      2.426158E+00     0       +4.00      1.320040E+01    2.295050E-01    1.190779E+00    8.281260E-01    +0.000000E+00   0.000000E+00    +0.000000E+00   0.000000E+00      hfr  
  +1.293125E+04      2.586250E+00     1       +3.00      2.013478E+00    3.500700E-02    1.818254E+00    1.264503E+00    +0.000000E+00   0.000000E+00    +0.000000E+00   0.000000E+00      hfr  
  +1.809263E+04      3.618526E+00     0       +5.00      3.338218E+01    5.803900E-01    1.235364E+00    8.591330E-01    +0.000000E+00   0.000000E+00    +0.000000E+00   0.000000E+00      hfr  
  +1.867461E+04      3.734922E+00     1       +6.00      2.486911E+00    4.323800E-02    1.040949E+00    7.239270E-01    +0.000000E+00   0.000000E+00    +0.000000E+00   0.000000E+00      hfr  
  +2.112998E+04      4.225996E+00     0       +4.00      1.033089E+01    1.796150E-01    1.190779E+00    8.281260E-01    +0.000000E+00   0.000000E+00    +0.000000E+00   0.000000E+00      hfr  
  +2.263399E+04      4.526798E+00     0       +5.00      1.708558E+01    2.970540E-01    1.235364E+00    8.591330E-01    +0.000000E+00   0.000000E+00    +0.000000E+00   0.000000E+00      hfr  
  +2.355959E+04      4.711918E+00     0       +5.00      8.952980E+00    1.556580E-01    1.235364E+00    8.591330E-01    +0.000000E+00   0.000000E+00    +0.000000E+00   0.000000E+00      hfr  
  +2.456577E+04      4.913154E+00     1       +5.00      4.003044E+00    6.959800E-02    1.364679E+00    9.490650E-01    +0.000000E+00   0.000000E+00    +0.000000E+00   0.000000E+00      hfr  
  +2.661844E+04      5.323688E+00     1       +4.00      2.193006E+00    3.812800E-02    1.412959E+00    9.826410E-01    +0.000000E+00   0.000000E+00    +0.000000E+00   0.000000E+00      hfr  
  +2.905306E+04      5.810612E+00     0       +4.00      5.807025E+01    1.009622E+00    1.190779E+00    8.281260E-01    +0.000000E+00   0.000000E+00    +0.000000E+00   0.000000E+00      hfr  
  +2.957764E+04      5.915528E+00     1       +3.00      9.445023E+00    1.642130E-01    1.818254E+00    1.264503E+00    +0.000000E+00   0.000000E+00    +0.000000E+00   0.000000E+00      hfr  
  +3.003036E+04      6.006072E+00     1       +5.00      2.768198E+00    4.812800E-02    1.364679E+00    9.490650E-01    +0.000000E+00   0.000000E+00    +0.000000E+00   0.000000E+00      hfr  
  +3.189435E+04      6.378870E+00     0       +4.00      1.601614E+02    2.784601E+00    1.190779E+00    8.281260E-01    +0.000000E+00   0.000000E+00    +0.000000E+00   0.000000E+00      hfr  
  +3.350092E+04      6.700184E+00     2       +4.00      6.992254E-01    1.215700E-02    1.190779E+00    8.281260E-01    +0.000000E+00   0.000000E+00    +0.000000E+00   0.000000E+00      hfr  
  +3.465834E+04      6.931668E+00     1       +3.00      1.549487E+01    2.693970E-01    1.818254E+00    1.264503E+00    +0.000000E+00   0.000000E+00    +0.000000E+00   0.000000E+00      hfr  
  +3.592479E+04      7.184958E+00     1       +4.00      4.491139E+00    7.808400E-02    1.412959E+00    9.826410E-01    +0.000000E+00   0.000000E+00    +0.000000E+00   0.000000E+00      hfr  
  +3.699914E+04      7.399828E+00     0       +4.00      1.094373E+01    1.902700E-01    1.190779E+00    8.281260E-01    +0.000000E+00   0.000000E+00    +0.000000E+00   0.000000E+00      hfr  
  +3.796538E+04      7.593076E+00     0       +5.00      9.700816E+01    1.686605E+00    1.235364E+00    8.591330E-01    +0.000000E+00   0.000000E+00    +0.000000E+00   0.000000E+00      hfr  
  +3.984363E+04      7.968726E+00     1       +6.00      7.776592E+00    1.352060E-01    1.040949E+00    7.239270E-01    +0.000000E+00   0.000000E+00    +0.000000E+00   0.000000E+00      hfr  
  +4.073697E+04      8.147394E+00     1       +3.00      8.203162E+00    1.426220E-01    1.818254E+00    1.264503E+00    +0.000000E+00   0.000000E+00    +0.000000E+00   0.000000E+00      hfr  
  +4.181286E+04      8.362572E+00     2       +3.00      6.438439E-01    1.119400E-02    1.319264E+00    9.174810E-01    +0.000000E+00   0.000000E+00    +0.000000E+00   0.000000E+00      hfr  
  +4.248624E+04      8.497248E+00     1       +6.00      4.595322E+00    7.989500E-02    1.040949E+00    7.239270E-01    +0.000000E+00   0.000000E+00    +0.000000E+00   0.000000E+00      hfr  
  +4.315962E+04      8.631924E+00     2       +6.00      8.621739E-01    1.499000E-02    1.123291E+00    7.811920E-01    +0.000000E+00   0.000000E+00    +0.000000E+00   0.000000E+00      hfr  
  +4.467912E+04      8.935824E+00     0       +4.00      2.932352E+02    5.098252E+00    1.190779E+00    8.281260E-01    +0.000000E+00   0.000000E+00    +0.000000E+00   0.000000E+00      hfr  
  +4.471826E+04      8.943652E+00     1       +4.00      2.429616E+00    4.224200E-02    1.412959E+00    9.826410E-01    +0.000000E+00   0.000000E+00    +0.000000E+00   0.000000E+00      hfr  
  +4.530959E+04      9.061918E+00     1       +3.00      2.988187E+00    5.195300E-02    1.818254E+00    1.264503E+00    +0.000000E+00   0.000000E+00    +0.000000E+00   0.000000E+00      hfr  
  +4.545654E+04      9.091308E+00     0       +5.00      1.836465E+01    3.192920E-01    1.235364E+00    8.591330E-01    +0.000000E+00   0.000000E+00    +0.000000E+00   0.000000E+00      hfr  
  +4.700458E+04      9.400916E+00     2       +5.00      1.944851E+00    3.381400E-02    1.235364E+00    8.591330E-01    +0.000000E+00   0.000000E+00    +0.000000E+00   0.000000E+00      hfr  
  +4.814256E+04      9.628512E+00     2       +7.00      1.008790E+00    1.753900E-02    1.093232E+00    7.602870E-01    +0.000000E+00   0.000000E+00    +0.000000E+00   0.000000E+00      hfr  
  +4.875905E+04      9.751810E+00     0       +4.00      6.894674E+00    1.198720E-01    1.190779E+00    8.281260E-01    +0.000000E+00   0.000000E+00    +0.000000E+00   0.000000E+00      hfr  
  +4.991035E+04      9.982070E+00     2       +2.00      1.864751E+00    3.242100E-02    1.212705E+00    8.433750E-01    +0.000000E+00   0.000000E+00    +0.000000E+00   0.000000E+00      hfr  
  +5.032494E+04      1.006499E+01     0       +5.00      2.356896E+02    4.097751E+00    1.235364E+00    8.591330E-01    +0.000000E+00   0.000000E+00    +0.000000E+00   0.000000E+00      hfr  
  +5.100573E+04      1.020115E+01     2       +6.00      5.874700E+00    1.021390E-01    1.123291E+00    7.811920E-01    +0.000000E+00   0.000000E+00    +0.000000E+00   0.000000E+00      hfr  
  +5.103843E+04      1.020769E+01     2       +3.00      7.854811E-01    1.365700E-02    1.319264E+00    9.174810E-01    +0.000000E+00   0.000000E+00    +0.000000E+00   0.000000E+00      hfr  
  +5.211040E+04      1.042208E+01     1       +4.00      1.128936E+01    1.962790E-01    1.412959E+00    9.826410E-01    +0.000000E+00   0.000000E+00    +0.000000E+00   0.000000E+00      hfr  
  +5.226891E+04      1.045378E+01     1       +5.00      7.367022E+00    1.280850E-01    1.364679E+00    9.490650E-01    +0.000000E+00   0.000000E+00    +0.000000E+00   0.000000E+00      hfr  
  +5.251816E+04      1.050363E+01     1       +6.00      2.885641E+00    5.017000E-02    1.040949E+00    7.239270E-01    +0.000000E+00   0.000000E+00    +0.000000E+00   0.000000E+00      hfr  
  +5.299748E+04      1.059950E+01     0       +5.00      4.878434E+01    8.481750E-01    1.235364E+00    8.591330E-01    +0.000000E+00   0.000000E+00    +0.000000E+00   0.000000E+00      hfr  
  +5.344285E+04      1.068857E+01     2       +5.00      1.709770E+00    2.972600E-02    1.235364E+00    8.591330E-01    +0.000000E+00   0.000000E+00    +0.000000E+00   0.000000E+00      hfr  
  +5.392715E+04      1.078543E+01     0       +5.00      2.850717E+02    4.956319E+00    1.235364E+00    8.591330E-01    +0.000000E+00   0.000000E+00    +0.000000E+00   0.000000E+00      hfr  
  +5.418784E+04      1.083757E+01     0       +4.00      4.591682E+01    7.983200E-01    1.190779E+00    8.281260E-01    +0.000000E+00   0.000000E+00    +0.000000E+00   0.000000E+00      hfr  
  +5.434526E+04      1.086905E+01     1       +5.00      9.648847E+00    1.677570E-01    1.364679E+00    9.490650E-01    +0.000000E+00   0.000000E+00    +0.000000E+00   0.000000E+00      hfr  
  +5.560603E+04      1.112121E+01     1       +4.00      2.565118E+01    4.459770E-01    1.412959E+00    9.826410E-01    +0.000000E+00   0.000000E+00    +0.000000E+00   0.000000E+00      hfr  
  +5.620597E+04      1.124119E+01     1       +6.00      3.892055E+00    6.766800E-02    1.040949E+00    7.239270E-01    +0.000000E+00   0.000000E+00    +0.000000E+00   0.000000E+00      hfr  
  +5.763621E+04      1.152724E+01     1       +3.00      6.761360E+00    1.175540E-01    1.818254E+00    1.264503E+00    +0.000000E+00   0.000000E+00    +0.000000E+00   0.000000E+00      hfr  
  +5.836072E+04      1.167214E+01     2       +3.00      2.485912E+00    4.322100E-02    1.319264E+00    9.174810E-01    +0.000000E+00   0.000000E+00    +0.000000E+00   0.000000E+00      hfr  
  +5.934773E+04      1.186955E+01     1       +6.00      3.505104E+01    6.094050E-01    1.040949E+00    7.239270E-01    +0.000000E+00   0.000000E+00    +0.000000E+00   0.000000E+00      hfr  
  +6.211868E+04      1.242374E+01     2       +4.00      1.330281E+00    2.312900E-02    1.190779E+00    8.281260E-01    +0.000000E+00   0.000000E+00    +0.000000E+00   0.000000E+00      hfr  
  +6.241351E+04      1.248270E+01     0       +4.00      1.367636E+02    2.377802E+00    1.190779E+00    8.281260E-01    +0.000000E+00   0.000000E+00    +0.000000E+00   0.000000E+00      hfr  
  +6.286123E+04      1.257225E+01     0       +5.00      2.100922E+02    3.652709E+00    1.235364E+00    8.591330E-01    +0.000000E+00   0.000000E+00    +0.000000E+00   0.000000E+00      hfr  
  +6.321029E+04      1.264206E+01     2       +6.00      1.824181E+00    3.171600E-02    1.123291E+00    7.811920E-01    +0.000000E+00   0.000000E+00    +0.000000E+00   0.000000E+00      hfr  
  +6.362186E+04      1.272437E+01     1       +3.00      1.216254E+01    2.114610E-01    1.818254E+00    1.264503E+00    +0.000000E+00   0.000000E+00    +0.000000E+00   0.000000E+00      hfr  
  +6.406906E+04      1.281381E+01     2       +7.00      9.749511E-01    1.695100E-02    1.093232E+00    7.602870E-01    +0.000000E+00   0.000000E+00    +0.000000E+00   0.000000E+00      hfr  
  +6.414773E+04      1.282955E+01     1       +3.00      6.035755E+00    1.049390E-01    1.818254E+00    1.264503E+00    +0.000000E+00   0.000000E+00    +0.000000E+00   0.000000E+00      hfr  
  +6.435391E+04      1.287078E+01     1       +5.00      1.615843E+00    2.809300E-02    1.364679E+00    9.490650E-01    +0.000000E+00   0.000000E+00    +0.000000E+00   0.000000E+00      hfr  
  +6.678303E+04      1.335661E+01     0       +5.00      1.430674E+02    2.487401E+00    1.235364E+00    8.591330E-01    +0.000000E+00   0.000000E+00    +0.000000E+00   0.000000E+00      hfr  
  +6.856631E+04      1.371326E+01     0       +4.00      4.745689E+02    8.250959E+00    1.190779E+00    8.281260E-01    +0.000000E+00   0.000000E+00    +0.000000E+00   0.000000E+00      hfr  
  +6.872226E+04      1.374445E+01     0       +5.00      8.231734E+01    1.431187E+00    1.235364E+00    8.591330E-01    +0.000000E+00   0.000000E+00    +0.000000E+00   0.000000E+00      hfr  
