# D. Rochman  TARES version 1.8 , Villigen   , Switzerland
# Time: Wed Oct  7 09:56:08 2026
#                        
# Element                            : Ho
# Z                                  : 67
# A                                  : 174
# I                                  : 0
# Half-life                   [sec. ]: 3.7 
# Data origin                        : TARES
# Formalism                          : Multi-level Breit-Wigner
# Emin (RRR)                     [eV]: 1e-5  
# Emax (RRR)                     [eV]: 5.672412E+02 
# Emax2 (background)             [eV]: 8.266050E+03 
# Number of resonances (<Emax)       : 99
# Number of resonances (<Emax2)      : 99
# Thermal (n,g) xs (systematics) [b.]: 2.026450E+01 
# Ress Int. (n,g) (systematics)  [b.]: 4.473260E+02 
# MACS 30 keV (calculated)       [b.]: 3.317400E-01
# Westcott factor (calculated)       : 9.998100E-01
#
# Thermal (n,el) xs (systema.)   [b.]: 2.466510E+00 
# Res. Int (n,el) (calculated)   [b.]: 1.363510E+03 
#
# Scattering radius              [fm]: 7.41 +/- 0.59 
#
# Average Gtotal   l=0           [eV]: 3.663890E-01 
# Average reduced (Gn^0) Gn l=0  [eV]: 1.958240E-02 
# Average Gg       l=0           [eV]: 2.678090E-02 
# Average level spacing D0 (l=0) [eV]: 1.090850E+01 
# Neutron strength function S0 (l=0) : 9.129690E-04 
#
# Average Gtotal   l=1           [eV]: 2.683360E-02 
# Average reduced (Gn^1) Gn l=1  [eV]: 3.013560E-03 
# Average Gg       l=1           [eV]: 2.676750E-02 
# Average level spacing D1 (l=1) [eV]: 3.545260E+01 
# Neutron strength function S1 (l=1) : 1.551440E-05 
#
# Average Gtotal   l=2           [eV]: 2.733590E-02 
# Average reduced (Gn^2) Gn l=2  [eV]: 9.835250E-02 
# Average Gg       l=2           [eV]: 2.733590E-02 
# Neutron strength function S2 (l=2) : 4.371220E-02 
#
#
#          
#   Energy (eV)     +/- DE (eV)       l         J          Gn (eV)       +/- DGn (eV)       Gg (eV)      +/- DGg (eV)       Gf1 (eV)     +/- DGf1 (eV)       Gf2 (eV)     +/- DGf2 (eV)    Origin  
#<---------------><---------------><-----><-----------><--------------><--------------><--------------><--------------><--------------><--------------><---------------><--------------><---------->
  -9.216071E+01      1.843200E-02     2       +1.50      5.230766E-09    0.000000E+00    2.905415E-02    2.045300E-02    +0.000000E+00   0.000000E+00    +0.000000E+00   0.000000E+00      hfr  
  -7.668177E+01      1.533600E-02     2       +3.50      1.311510E-10    0.000000E+00    2.733590E-02    1.924400E-02    +0.000000E+00   0.000000E+00    +0.000000E+00   0.000000E+00      hfr  
  -7.603193E+01      1.520600E-02     2       +5.50      1.072576E-09    0.000000E+00    2.465565E-02    1.735700E-02    +0.000000E+00   0.000000E+00    +0.000000E+00   0.000000E+00      hfr  
  -7.053461E+01      1.410700E-02     1       +2.50      1.774387E-07    0.000000E+00    2.882395E-02    2.029100E-02    +0.000000E+00   0.000000E+00    +0.000000E+00   0.000000E+00      hfr  
  -6.952485E+01      1.390500E-02     1       +4.50      7.896484E-07    0.000000E+00    2.610281E-02    1.837500E-02    +0.000000E+00   0.000000E+00    +0.000000E+00   0.000000E+00      hfr  
  -6.531293E+01      1.306300E-02     2       +4.50      5.283750E-10    0.000000E+00    2.628542E-02    1.850400E-02    +0.000000E+00   0.000000E+00    +0.000000E+00   0.000000E+00      hfr  
  -6.355543E+01      1.271100E-02     1       +2.50      1.106408E-06    0.000000E+00    2.882395E-02    2.029100E-02    +0.000000E+00   0.000000E+00    +0.000000E+00   0.000000E+00      hfr  
  -6.297877E+01      1.259600E-02     2       +1.50      3.324710E-10    0.000000E+00    2.905415E-02    2.045300E-02    +0.000000E+00   0.000000E+00    +0.000000E+00   0.000000E+00      hfr  
  -5.809632E+01      1.161900E-02     0       +4.50      2.338466E-02    4.120000E-04    2.628542E-02    1.850400E-02    +0.000000E+00   0.000000E+00    +0.000000E+00   0.000000E+00      hfr  
  -5.644874E+01      1.129000E-02     2       +2.50      1.663032E-09    0.000000E+00    2.834332E-02    1.995300E-02    +0.000000E+00   0.000000E+00    +0.000000E+00   0.000000E+00      hfr  
  -5.473079E+01      1.094600E-02     2       +5.50      1.079470E-10    0.000000E+00    2.465565E-02    1.735700E-02    +0.000000E+00   0.000000E+00    +0.000000E+00   0.000000E+00      hfr  
  -5.173152E+01      1.034600E-02     1       +4.50      3.709161E-07    0.000000E+00    2.610281E-02    1.837500E-02    +0.000000E+00   0.000000E+00    +0.000000E+00   0.000000E+00      hfr  
  -4.593373E+01      9.187000E-03     2       +6.50      2.081580E-10    0.000000E+00    2.273900E-02    1.600700E-02    +0.000000E+00   0.000000E+00    +0.000000E+00   0.000000E+00      hfr  
  -3.876570E+01      7.753000E-03     2       +3.50      1.622730E-10    0.000000E+00    2.733590E-02    1.924400E-02    +0.000000E+00   0.000000E+00    +0.000000E+00   0.000000E+00      hfr  
  -3.737837E+01      7.476000E-03     0       +4.50      2.005233E-01    3.529000E-03    2.628542E-02    1.850400E-02    +0.000000E+00   0.000000E+00    +0.000000E+00   0.000000E+00      hfr  
  -3.584571E+01      7.169000E-03     1       +5.50      5.566903E-08    0.000000E+00    2.429372E-02    1.710200E-02    +0.000000E+00   0.000000E+00    +0.000000E+00   0.000000E+00      hfr  
  -3.550215E+01      7.100000E-03     0       +3.50      4.315802E-01    7.595000E-03    2.733590E-02    1.924400E-02    +0.000000E+00   0.000000E+00    +0.000000E+00   0.000000E+00      hfr  
  -3.550196E+01      7.100000E-03     1       +4.50      6.803792E-08    0.000000E+00    2.610281E-02    1.837500E-02    +0.000000E+00   0.000000E+00    +0.000000E+00   0.000000E+00      hfr  
  -3.513826E+01      7.028000E-03     1       +3.50      1.032952E-07    0.000000E+00    2.753004E-02    1.938000E-02    +0.000000E+00   0.000000E+00    +0.000000E+00   0.000000E+00      hfr  
  -3.022663E+01      6.045000E-03     1       +5.50      7.714576E-07    0.000000E+00    2.429372E-02    1.710200E-02    +0.000000E+00   0.000000E+00    +0.000000E+00   0.000000E+00      hfr  
  -2.470936E+01      4.942000E-03     2       +6.50      1.172470E-10    0.000000E+00    2.273900E-02    1.600700E-02    +0.000000E+00   0.000000E+00    +0.000000E+00   0.000000E+00      hfr  
  -1.991621E+01      3.983000E-03     0       +3.50      2.730296E-04    5.000000E-06    2.733590E-02    1.924400E-02    +0.000000E+00   0.000000E+00    +0.000000E+00   0.000000E+00      hfr  
  -1.854023E+01      3.708000E-03     1       +2.50      1.649420E-07    0.000000E+00    2.882395E-02    2.029100E-02    +0.000000E+00   0.000000E+00    +0.000000E+00   0.000000E+00      hfr  
  -1.759229E+01      3.518000E-03     1       +3.50      1.212499E-07    0.000000E+00    2.753004E-02    1.938000E-02    +0.000000E+00   0.000000E+00    +0.000000E+00   0.000000E+00      hfr  
  -1.453456E+01      2.907000E-03     1       +5.50      8.484005E-08    0.000000E+00    2.429372E-02    1.710200E-02    +0.000000E+00   0.000000E+00    +0.000000E+00   0.000000E+00      hfr  
  -1.409345E+01      2.819000E-03     0       +3.50      2.527110E-03    4.400000E-05    2.733590E-02    1.924400E-02    +0.000000E+00   0.000000E+00    +0.000000E+00   0.000000E+00      hfr  
  -6.673838E+00      1.335000E-03     0       +4.50      1.358457E-02    2.390000E-04    2.628542E-02    1.850400E-02    +0.000000E+00   0.000000E+00    +0.000000E+00   0.000000E+00      hfr  
  -3.183176E+00      6.370000E-04     1       +3.50      1.577410E-09    0.000000E+00    2.753004E-02    1.938000E-02    +0.000000E+00   0.000000E+00    +0.000000E+00   0.000000E+00      hfr  
  +7.674337E+00      1.535000E-03     0       +3.50      1.052683E-02    1.850000E-04    2.733590E-02    1.924400E-02    +0.000000E+00   0.000000E+00    +0.000000E+00   0.000000E+00      hfr  
  +1.803356E+01      3.607000E-03     2       +3.50      1.034490E-10    0.000000E+00    2.733590E-02    1.924400E-02    +0.000000E+00   0.000000E+00    +0.000000E+00   0.000000E+00      hfr  
  +2.912429E+01      5.825000E-03     0       +4.50      4.478887E-03    7.900000E-05    2.628542E-02    1.850400E-02    +0.000000E+00   0.000000E+00    +0.000000E+00   0.000000E+00      hfr  
  +3.138835E+01      6.278000E-03     0       +4.50      2.640160E-01    4.646000E-03    2.628542E-02    1.850400E-02    +0.000000E+00   0.000000E+00    +0.000000E+00   0.000000E+00      hfr  
  +3.346345E+01      6.693000E-03     0       +3.50      9.464261E-02    1.666000E-03    2.733590E-02    1.924400E-02    +0.000000E+00   0.000000E+00    +0.000000E+00   0.000000E+00      hfr  
  +4.262272E+01      8.525000E-03     0       +4.50      4.253281E-02    7.490000E-04    2.628542E-02    1.850400E-02    +0.000000E+00   0.000000E+00    +0.000000E+00   0.000000E+00      hfr  
  +4.921245E+01      9.842000E-03     0       +3.50      5.848681E-02    1.029000E-03    2.733590E-02    1.924400E-02    +0.000000E+00   0.000000E+00    +0.000000E+00   0.000000E+00      hfr  
  +5.968601E+01      1.193700E-02     0       +4.50      1.610608E-01    2.835000E-03    2.628542E-02    1.850400E-02    +0.000000E+00   0.000000E+00    +0.000000E+00   0.000000E+00      hfr  
  +6.569527E+01      1.313900E-02     0       +3.50      1.187289E-02    2.090000E-04    2.733590E-02    1.924400E-02    +0.000000E+00   0.000000E+00    +0.000000E+00   0.000000E+00      hfr  
  +8.506478E+01      1.701300E-02     0       +4.50      1.116824E-01    1.966000E-03    2.628542E-02    1.850400E-02    +0.000000E+00   0.000000E+00    +0.000000E+00   0.000000E+00      hfr  
  +9.128336E+01      1.825700E-02     0       +3.50      7.406400E-02    1.303000E-03    2.733590E-02    1.924400E-02    +0.000000E+00   0.000000E+00    +0.000000E+00   0.000000E+00      hfr  
  +1.146999E+02      2.294000E-02     0       +4.50      4.287877E-02    7.550000E-04    2.628542E-02    1.850400E-02    +0.000000E+00   0.000000E+00    +0.000000E+00   0.000000E+00      hfr  
  +1.249900E+02      2.499800E-02     0       +4.50      3.880741E-01    6.830000E-03    2.628542E-02    1.850400E-02    +0.000000E+00   0.000000E+00    +0.000000E+00   0.000000E+00      hfr  
  +1.369924E+02      2.739800E-02     0       +3.50      1.303164E-01    2.293000E-03    2.733590E-02    1.924400E-02    +0.000000E+00   0.000000E+00    +0.000000E+00   0.000000E+00      hfr  
  +1.426353E+02      2.852700E-02     0       +3.50      3.243054E-02    5.710000E-04    2.733590E-02    1.924400E-02    +0.000000E+00   0.000000E+00    +0.000000E+00   0.000000E+00      hfr  
  +1.564593E+02      3.129200E-02     0       +4.50      2.102243E-01    3.700000E-03    2.628542E-02    1.850400E-02    +0.000000E+00   0.000000E+00    +0.000000E+00   0.000000E+00      hfr  
  +1.597043E+02      3.194100E-02     0       +4.50      3.331203E-01    5.863000E-03    2.628542E-02    1.850400E-02    +0.000000E+00   0.000000E+00    +0.000000E+00   0.000000E+00      hfr  
  +1.599780E+02      3.199600E-02     1       +4.50      5.828337E-05    1.000000E-06    2.610281E-02    1.837500E-02    +0.000000E+00   0.000000E+00    +0.000000E+00   0.000000E+00      hfr  
  +1.658237E+02      3.316500E-02     0       +3.50      5.333582E-01    9.387000E-03    2.733590E-02    1.924400E-02    +0.000000E+00   0.000000E+00    +0.000000E+00   0.000000E+00      hfr  
  +1.800519E+02      3.601000E-02     0       +4.50      8.376838E-02    1.474000E-03    2.628542E-02    1.850400E-02    +0.000000E+00   0.000000E+00    +0.000000E+00   0.000000E+00      hfr  
  +1.863270E+02      3.726500E-02     0       +4.50      1.291315E-01    2.273000E-03    2.628542E-02    1.850400E-02    +0.000000E+00   0.000000E+00    +0.000000E+00   0.000000E+00      hfr  
  +2.020507E+02      4.041000E-02     0       +3.50      7.401240E-01    1.302600E-02    2.733590E-02    1.924400E-02    +0.000000E+00   0.000000E+00    +0.000000E+00   0.000000E+00      hfr  
  +2.111622E+02      4.223200E-02     0       +4.50      1.028329E+00    1.809800E-02    2.628542E-02    1.850400E-02    +0.000000E+00   0.000000E+00    +0.000000E+00   0.000000E+00      hfr  
  +2.215476E+02      4.431000E-02     0       +3.50      3.004021E-05    1.000000E-06    2.733590E-02    1.924400E-02    +0.000000E+00   0.000000E+00    +0.000000E+00   0.000000E+00      hfr  
  +2.254103E+02      4.508200E-02     0       +4.50      7.396059E-01    1.301600E-02    2.628542E-02    1.850400E-02    +0.000000E+00   0.000000E+00    +0.000000E+00   0.000000E+00      hfr  
  +2.431966E+02      4.863900E-02     0       +3.50      9.581513E-02    1.686000E-03    2.733590E-02    1.924400E-02    +0.000000E+00   0.000000E+00    +0.000000E+00   0.000000E+00      hfr  
  +2.768201E+02      5.536400E-02     0       +4.50      2.064407E-02    3.630000E-04    2.628542E-02    1.850400E-02    +0.000000E+00   0.000000E+00    +0.000000E+00   0.000000E+00      hfr  
  +2.775431E+02      5.550900E-02     1       +5.50      3.850367E-05    1.000000E-06    2.429372E-02    1.710200E-02    +0.000000E+00   0.000000E+00    +0.000000E+00   0.000000E+00      hfr  
  +2.825432E+02      5.650900E-02     0       +3.50      1.935647E-01    3.407000E-03    2.733590E-02    1.924400E-02    +0.000000E+00   0.000000E+00    +0.000000E+00   0.000000E+00      hfr  
  +2.914120E+02      5.828200E-02     0       +4.50      4.037692E-01    7.106000E-03    2.628542E-02    1.850400E-02    +0.000000E+00   0.000000E+00    +0.000000E+00   0.000000E+00      hfr  
  +2.950968E+02      5.901900E-02     0       +3.50      2.158527E-02    3.800000E-04    2.733590E-02    1.924400E-02    +0.000000E+00   0.000000E+00    +0.000000E+00   0.000000E+00      hfr  
  +3.009725E+02      6.019500E-02     1       +3.50      1.966132E-05    0.000000E+00    2.753004E-02    1.938000E-02    +0.000000E+00   0.000000E+00    +0.000000E+00   0.000000E+00      hfr  
  +3.029751E+02      6.059500E-02     0       +4.50      1.824134E-01    3.210000E-03    2.628542E-02    1.850400E-02    +0.000000E+00   0.000000E+00    +0.000000E+00   0.000000E+00      hfr  
  +3.177503E+02      6.355000E-02     0       +4.50      3.785420E-03    6.700000E-05    2.628542E-02    1.850400E-02    +0.000000E+00   0.000000E+00    +0.000000E+00   0.000000E+00      hfr  
  +3.193828E+02      6.387700E-02     1       +4.50      2.879267E-05    1.000000E-06    2.610281E-02    1.837500E-02    +0.000000E+00   0.000000E+00    +0.000000E+00   0.000000E+00      hfr  
  +3.251595E+02      6.503200E-02     0       +3.50      1.057649E-01    1.861000E-03    2.733590E-02    1.924400E-02    +0.000000E+00   0.000000E+00    +0.000000E+00   0.000000E+00      hfr  
  +3.456447E+02      6.912900E-02     0       +4.50      3.919545E-02    6.900000E-04    2.628542E-02    1.850400E-02    +0.000000E+00   0.000000E+00    +0.000000E+00   0.000000E+00      hfr  
  +3.611101E+02      7.222200E-02     0       +4.50      6.818932E-02    1.200000E-03    2.628542E-02    1.850400E-02    +0.000000E+00   0.000000E+00    +0.000000E+00   0.000000E+00      hfr  
  +3.701783E+02      7.403600E-02     0       +3.50      7.489630E-02    1.318000E-03    2.733590E-02    1.924400E-02    +0.000000E+00   0.000000E+00    +0.000000E+00   0.000000E+00      hfr  
  +3.703438E+02      7.406900E-02     1       +3.50      3.190423E-05    1.000000E-06    2.753004E-02    1.938000E-02    +0.000000E+00   0.000000E+00    +0.000000E+00   0.000000E+00      hfr  
  +3.765395E+02      7.530800E-02     0       +3.50      4.135551E-02    7.280000E-04    2.733590E-02    1.924400E-02    +0.000000E+00   0.000000E+00    +0.000000E+00   0.000000E+00      hfr  
  +3.792425E+02      7.584800E-02     1       +5.50      2.434513E-05    0.000000E+00    2.429372E-02    1.710200E-02    +0.000000E+00   0.000000E+00    +0.000000E+00   0.000000E+00      hfr  
  +3.862765E+02      7.725500E-02     0       +4.50      2.432812E-01    4.282000E-03    2.628542E-02    1.850400E-02    +0.000000E+00   0.000000E+00    +0.000000E+00   0.000000E+00      hfr  
  +4.050148E+02      8.100300E-02     1       +4.50      2.086890E-05    0.000000E+00    2.610281E-02    1.837500E-02    +0.000000E+00   0.000000E+00    +0.000000E+00   0.000000E+00      hfr  
  +4.108596E+02      8.217200E-02     1       +4.50      2.177686E-05    0.000000E+00    2.610281E-02    1.837500E-02    +0.000000E+00   0.000000E+00    +0.000000E+00   0.000000E+00      hfr  
  +4.191604E+02      8.383200E-02     0       +4.50      1.619870E-01    2.851000E-03    2.628542E-02    1.850400E-02    +0.000000E+00   0.000000E+00    +0.000000E+00   0.000000E+00      hfr  
  +4.206850E+02      8.413700E-02     0       +4.50      9.655286E-02    1.699000E-03    2.628542E-02    1.850400E-02    +0.000000E+00   0.000000E+00    +0.000000E+00   0.000000E+00      hfr  
  +4.210424E+02      8.420800E-02     0       +3.50      9.890016E-01    1.740600E-02    2.733590E-02    1.924400E-02    +0.000000E+00   0.000000E+00    +0.000000E+00   0.000000E+00      hfr  
  +4.315226E+02      8.630500E-02     0       +3.50      7.569947E-01    1.332200E-02    2.733590E-02    1.924400E-02    +0.000000E+00   0.000000E+00    +0.000000E+00   0.000000E+00      hfr  
  +4.352176E+02      8.704400E-02     1       +2.50      2.580055E-05    0.000000E+00    2.882395E-02    2.029100E-02    +0.000000E+00   0.000000E+00    +0.000000E+00   0.000000E+00      hfr  
  +4.460556E+02      8.921100E-02     0       +3.50      9.837318E-02    1.731000E-03    2.733590E-02    1.924400E-02    +0.000000E+00   0.000000E+00    +0.000000E+00   0.000000E+00      hfr  
  +4.552065E+02      9.104100E-02     1       +3.50      6.662498E-05    1.000000E-06    2.753004E-02    1.938000E-02    +0.000000E+00   0.000000E+00    +0.000000E+00   0.000000E+00      hfr  
  +4.619615E+02      9.239200E-02     0       +4.50      3.956685E-02    6.960000E-04    2.628542E-02    1.850400E-02    +0.000000E+00   0.000000E+00    +0.000000E+00   0.000000E+00      hfr  
  +4.667791E+02      9.335600E-02     0       +4.50      1.845630E-03    3.200000E-05    2.628542E-02    1.850400E-02    +0.000000E+00   0.000000E+00    +0.000000E+00   0.000000E+00      hfr  
  +4.769266E+02      9.538500E-02     0       +3.50      5.934401E-01    1.044400E-02    2.733590E-02    1.924400E-02    +0.000000E+00   0.000000E+00    +0.000000E+00   0.000000E+00      hfr  
  +4.790664E+02      9.581300E-02     1       +2.50      4.690128E-05    1.000000E-06    2.882395E-02    2.029100E-02    +0.000000E+00   0.000000E+00    +0.000000E+00   0.000000E+00      hfr  
  +4.858308E+02      9.716600E-02     0       +3.50      4.966317E-01    8.740000E-03    2.733590E-02    1.924400E-02    +0.000000E+00   0.000000E+00    +0.000000E+00   0.000000E+00      hfr  
  +4.882072E+02      9.764100E-02     1       +3.50      1.966077E-05    0.000000E+00    2.753004E-02    1.938000E-02    +0.000000E+00   0.000000E+00    +0.000000E+00   0.000000E+00      hfr  
  +4.896157E+02      9.792300E-02     0       +4.50      9.434166E-05    2.000000E-06    2.628542E-02    1.850400E-02    +0.000000E+00   0.000000E+00    +0.000000E+00   0.000000E+00      hfr  
  +4.981512E+02      9.963000E-02     0       +4.50      1.536758E+00    2.704600E-02    2.628542E-02    1.850400E-02    +0.000000E+00   0.000000E+00    +0.000000E+00   0.000000E+00      hfr  
  +5.006492E+02      1.001300E-01     0       +3.50      4.284462E-01    7.540000E-03    2.733590E-02    1.924400E-02    +0.000000E+00   0.000000E+00    +0.000000E+00   0.000000E+00      hfr  
  +5.028724E+02      1.005740E-01     1       +2.50      1.583076E-04    3.000000E-06    2.882395E-02    2.029100E-02    +0.000000E+00   0.000000E+00    +0.000000E+00   0.000000E+00      hfr  
  +5.249369E+02      1.049870E-01     1       +4.50      6.958764E-05    1.000000E-06    2.610281E-02    1.837500E-02    +0.000000E+00   0.000000E+00    +0.000000E+00   0.000000E+00      hfr  
  +5.275222E+02      1.055040E-01     0       +3.50      2.130823E+00    3.750100E-02    2.733590E-02    1.924400E-02    +0.000000E+00   0.000000E+00    +0.000000E+00   0.000000E+00      hfr  
  +5.294067E+02      1.058810E-01     1       +5.50      2.363474E-04    4.000000E-06    2.429372E-02    1.710200E-02    +0.000000E+00   0.000000E+00    +0.000000E+00   0.000000E+00      hfr  
  +5.348708E+02      1.069740E-01     1       +3.50      5.483416E-05    1.000000E-06    2.753004E-02    1.938000E-02    +0.000000E+00   0.000000E+00    +0.000000E+00   0.000000E+00      hfr  
  +5.416425E+02      1.083290E-01     0       +4.50      9.125888E-01    1.606100E-02    2.628542E-02    1.850400E-02    +0.000000E+00   0.000000E+00    +0.000000E+00   0.000000E+00      hfr  
  +5.430800E+02      1.086160E-01     0       +3.50      2.362831E+00    4.158400E-02    2.733590E-02    1.924400E-02    +0.000000E+00   0.000000E+00    +0.000000E+00   0.000000E+00      hfr  
  +5.543470E+02      1.108690E-01     1       +3.50      2.015514E-04    4.000000E-06    2.753004E-02    1.938000E-02    +0.000000E+00   0.000000E+00    +0.000000E+00   0.000000E+00      hfr  
  +5.645499E+02      1.129100E-01     0       +4.50      6.671401E-01    1.174100E-02    2.628542E-02    1.850400E-02    +0.000000E+00   0.000000E+00    +0.000000E+00   0.000000E+00      hfr  
  +5.672412E+02      1.134480E-01     0       +3.50      7.155295E-03    1.260000E-04    2.733590E-02    1.924400E-02    +0.000000E+00   0.000000E+00    +0.000000E+00   0.000000E+00      hfr  
