# D. Rochman  TARES version 1.8 , Villigen   , Switzerland
# Time: Wed Oct  7 12:35:42 2026
#                        
# Element                            : Cm
# Z                                  : 96
# A                                  : 249
# I                                  : 0
# Half-life                   [hours]: 1.06917 
# Data origin                        : TARES
# Formalism                          : Multi-level Breit-Wigner
# Emin (RRR)                     [eV]: 1e-5  
# Emax (RRR)                     [eV]: 1.490301E+02 
# Emax2 (background)             [eV]: 4.000000E+02 
# Number of resonances (<Emax)       : 99
# Number of resonances (<Emax2)      : 100
# Thermal  (n,g) xs (calculated) [b.]: 3.060120E+00 
# Thermal  (n,g) xs (experiment) [b.]: 1.6 +/- 0.8 
# Ress Int. (n,g) (systematics)  [b.]: 6.457190E+02 
# MACS 30 keV (calculated)       [b.]: 3.468700E-01
# Westcott factor (calculated)       : 1.014410E+00
#
# Thermal (n,el) xs (systema.)   [b.]: 5.076990E+00 
# Res. Int (n,el) (calculated)   [b.]: 1.100600E+03 
#
# Thermal  (n,f) xs              [b.]: 5.103290E+00 (Syst.) 
# Resonance Integral (n,f) xs    [b.]: 9.030760E+02
#
# Scattering radius              [fm]: 8.34 +/- 0.58 
#
# Average Gtotal   l=0           [eV]: 1.352050E-02 
# Average reduced (Gn^0) Gn l=0  [eV]: 1.124160E-03 
# Average Gg       l=0           [eV]: 1.442300E-03 
# Average level spacing D0 (l=0) [eV]: 4.383240E+00 
# Neutron strength function S0 (l=0) : 1.200330E-04 
#
# Average Gtotal   l=1           [eV]: 5.877370E-03 
# Average reduced (Gn^1) Gn l=1  [eV]: 7.189160E-04 
# Average Gg       l=1           [eV]: 1.475820E-03 
# Average level spacing D1 (l=1) [eV]: 4.139720E+00 
# Neutron strength function S1 (l=1) : 3.417600E-05 
#
# Average Gtotal   l=2           [eV]: 4.262090E-03 
# Average reduced (Gn^2) Gn l=2  [eV]: 1.418940E-03 
# Average Gg       l=2           [eV]: 1.417250E-03 
# Average level spacing D2 (l=2) [eV]: 1.354820E+01 
# Neutron strength function S2 (l=2) : 2.561970E-05 
#
#
#          
#   Energy (eV)     +/- DE (eV)       l         J          Gn (eV)       +/- DGn (eV)       Gg (eV)      +/- DGg (eV)       Gf1 (eV)     +/- DGf1 (eV)       Gf2 (eV)     +/- DGf2 (eV)    Origin  
#<---------------><---------------><-----><-----------><--------------><--------------><--------------><--------------><--------------><--------------><---------------><--------------><---------->
  -4.447465E+01      8.895000E-03     1       +0.00      1.496067E-06    0.000000E+00    1.439628E-03    1.009000E-03    +5.520789E-03   3.871000E-03    +0.000000E+00   0.000000E+00      hfr  
  -3.400889E+01      6.802000E-03     0       +0.00      1.166335E-02    2.040000E-04    1.439872E-03    1.009000E-03    +1.309275E-02   9.179000E-03    +0.000000E+00   0.000000E+00      hfr  
  -3.032691E+01      6.065000E-03     0       +0.00      8.317553E-03    1.460000E-04    1.439872E-03    1.009000E-03    +1.802073E-03   1.263000E-03    +0.000000E+00   0.000000E+00      hfr  
  -2.002976E+01      4.006000E-03     1       +1.00      5.769208E-08    0.000000E+00    1.524952E-03    1.069000E-03    +7.601210E-04   5.330000E-04    +0.000000E+00   0.000000E+00      hfr  
  -1.837956E+01      3.676000E-03     1       +0.00      1.158025E-08    0.000000E+00    1.439628E-03    1.009000E-03    +1.348656E-03   9.460000E-04    +0.000000E+00   0.000000E+00      hfr  
  -1.724525E+01      3.449000E-03     0       +1.00      2.953057E-03    5.200000E-05    1.443134E-03    1.012000E-03    +1.012076E-03   7.100000E-04    +0.000000E+00   0.000000E+00      hfr  
  -1.681889E+01      3.364000E-03     0       +0.00      2.968597E-03    5.200000E-05    1.439872E-03    1.009000E-03    +7.191091E-04   5.040000E-04    +0.000000E+00   0.000000E+00      hfr  
  -1.509141E+01      3.018000E-03     1       +1.00      1.477269E-08    0.000000E+00    1.524952E-03    1.069000E-03    +9.617924E-03   6.743000E-03    +0.000000E+00   0.000000E+00      hfr  
  -1.265022E+01      2.530000E-03     0       +1.00      6.639040E-07    0.000000E+00    1.443134E-03    1.012000E-03    +4.243424E-03   2.975000E-03    +0.000000E+00   0.000000E+00      hfr  
  -1.200108E+01      2.400000E-03     1       +0.00      1.641403E-08    0.000000E+00    1.439628E-03    1.009000E-03    +3.757100E-03   2.634000E-03    +0.000000E+00   0.000000E+00      hfr  
  -1.178465E+01      2.357000E-03     1       +2.00      2.687880E-09    0.000000E+00    1.443335E-03    1.012000E-03    +6.324493E-04   4.430000E-04    +0.000000E+00   0.000000E+00      hfr  
  -8.810099E+00      1.762000E-03     1       +1.00      4.620679E-08    0.000000E+00    1.524952E-03    1.069000E-03    +3.513727E-03   2.463000E-03    +0.000000E+00   0.000000E+00      hfr  
  -7.022745E+00      1.405000E-03     1       +2.00      5.109250E-10    0.000000E+00    1.443335E-03    1.012000E-03    +1.776824E-02   1.245700E-02    +0.000000E+00   0.000000E+00      hfr  
  -6.150339E+00      1.230000E-03     1       +2.00      1.909480E-10    0.000000E+00    1.443335E-03    1.012000E-03    +1.678825E-03   1.177000E-03    +0.000000E+00   0.000000E+00      hfr  
  -3.383066E+00      6.770000E-04     0       +1.00      1.645595E-03    2.900000E-05    1.443134E-03    1.012000E-03    +4.578661E-03   3.210000E-03    +0.000000E+00   0.000000E+00      hfr  
  +1.572586E+00      3.150000E-04     0       +1.00      1.670128E-03    2.900000E-05    1.443134E-03    1.012000E-03    +2.001687E-03   1.403000E-03    +0.000000E+00   0.000000E+00      hfr  
  +6.068490E+00      1.214000E-03     0       +1.00      1.572917E-05    0.000000E+00    1.443134E-03    1.012000E-03    +7.065062E-03   4.953000E-03    +0.000000E+00   0.000000E+00      hfr  
  +8.098323E+00      1.620000E-03     0       +0.00      2.020083E-02    3.540000E-04    1.439872E-03    1.009000E-03    +3.728173E-03   2.614000E-03    +0.000000E+00   0.000000E+00      hfr  
  +1.341198E+01      2.682000E-03     0       +1.00      8.312397E-04    1.500000E-05    1.443134E-03    1.012000E-03    +3.846008E-03   2.696000E-03    +0.000000E+00   0.000000E+00      hfr  
  +1.464827E+01      2.930000E-03     0       +0.00      1.191515E-02    2.090000E-04    1.439872E-03    1.009000E-03    +1.150947E-03   8.070000E-04    +0.000000E+00   0.000000E+00      hfr  
  +1.963136E+01      3.926000E-03     0       +1.00      1.425037E-04    2.000000E-06    1.443134E-03    1.012000E-03    +3.314704E-04   2.320000E-04    +0.000000E+00   0.000000E+00      hfr  
  +2.574713E+01      5.149000E-03     1       +2.00      2.987946E-07    0.000000E+00    1.443335E-03    1.012000E-03    +2.870139E-03   2.012000E-03    +0.000000E+00   0.000000E+00      hfr  
  +2.584129E+01      5.168000E-03     0       +1.00      3.442555E-03    6.000000E-05    1.443134E-03    1.012000E-03    +9.102234E-04   6.380000E-04    +0.000000E+00   0.000000E+00      hfr  
  +2.652165E+01      5.304000E-03     1       +1.00      1.375280E-07    0.000000E+00    1.524952E-03    1.069000E-03    +2.052175E-03   1.439000E-03    +0.000000E+00   0.000000E+00      hfr  
  +3.095335E+01      6.191000E-03     0       +1.00      1.178142E-04    2.000000E-06    1.443134E-03    1.012000E-03    +5.351251E-03   3.752000E-03    +0.000000E+00   0.000000E+00      hfr  
  +3.339287E+01      6.679000E-03     1       +1.00      1.343768E-07    0.000000E+00    1.524952E-03    1.069000E-03    +1.175652E-03   8.240000E-04    +0.000000E+00   0.000000E+00      hfr  
  +3.493783E+01      6.988000E-03     1       +0.00      5.155713E-07    0.000000E+00    1.439628E-03    1.009000E-03    +1.445370E-04   1.010000E-04    +0.000000E+00   0.000000E+00      hfr  
  +3.555028E+01      7.110000E-03     0       +1.00      1.203539E-03    2.100000E-05    1.443134E-03    1.012000E-03    +7.644332E-03   5.359000E-03    +0.000000E+00   0.000000E+00      hfr  
  +3.846447E+01      7.693000E-03     0       +0.00      3.193276E-03    5.600000E-05    1.439872E-03    1.009000E-03    +5.970219E-03   4.186000E-03    +0.000000E+00   0.000000E+00      hfr  
  +3.963151E+01      7.926000E-03     1       +1.00      3.556260E-07    0.000000E+00    1.524952E-03    1.069000E-03    +1.315539E-02   9.223000E-03    +0.000000E+00   0.000000E+00      hfr  
  +4.011114E+01      8.022000E-03     0       +1.00      1.367863E-05    0.000000E+00    1.443134E-03    1.012000E-03    +2.858978E-03   2.004000E-03    +0.000000E+00   0.000000E+00      hfr  
  +4.323161E+01      8.646000E-03     1       +0.00      1.878347E-06    0.000000E+00    1.439628E-03    1.009000E-03    +1.804427E-02   1.265100E-02    +0.000000E+00   0.000000E+00      hfr  
  +4.441104E+01      8.882000E-03     0       +1.00      2.845218E-02    4.990000E-04    1.443134E-03    1.012000E-03    +7.268035E-03   5.096000E-03    +0.000000E+00   0.000000E+00      hfr  
  +4.587656E+01      9.175000E-03     1       +1.00      5.104754E-07    0.000000E+00    1.524952E-03    1.069000E-03    +6.768319E-03   4.745000E-03    +0.000000E+00   0.000000E+00      hfr  
  +4.883670E+01      9.767000E-03     0       +0.00      1.119387E-02    1.960000E-04    1.439872E-03    1.009000E-03    +5.693224E-03   3.992000E-03    +0.000000E+00   0.000000E+00      hfr  
  +5.263562E+01      1.052700E-02     0       +1.00      6.908043E-05    1.000000E-06    1.443134E-03    1.012000E-03    +1.245456E-03   8.730000E-04    +0.000000E+00   0.000000E+00      hfr  
  +5.429426E+01      1.085900E-02     1       +2.00      1.234843E-07    0.000000E+00    1.443335E-03    1.012000E-03    +3.060129E-03   2.145000E-03    +0.000000E+00   0.000000E+00      hfr  
  +5.987817E+01      1.197600E-02     1       +0.00      1.740983E-06    0.000000E+00    1.439628E-03    1.009000E-03    +8.350051E-03   5.854000E-03    +0.000000E+00   0.000000E+00      hfr  
  +5.997401E+01      1.199500E-02     1       +1.00      1.905963E-06    0.000000E+00    1.524952E-03    1.069000E-03    +1.031839E-03   7.230000E-04    +0.000000E+00   0.000000E+00      hfr  
  +6.484872E+01      1.297000E-02     0       +1.00      3.482220E-03    6.100000E-05    1.443134E-03    1.012000E-03    +6.082540E-04   4.260000E-04    +0.000000E+00   0.000000E+00      hfr  
  +6.688497E+01      1.337700E-02     1       +2.00      6.544601E-07    0.000000E+00    1.443335E-03    1.012000E-03    +2.335494E-04   1.640000E-04    +0.000000E+00   0.000000E+00      hfr  
  +6.828188E+01      1.365600E-02     1       +2.00      1.294273E-06    0.000000E+00    1.443335E-03    1.012000E-03    +2.115040E-03   1.483000E-03    +0.000000E+00   0.000000E+00      hfr  
  +6.879210E+01      1.375800E-02     0       +1.00      8.390020E-03    1.470000E-04    1.443134E-03    1.012000E-03    +6.168265E-03   4.325000E-03    +0.000000E+00   0.000000E+00      hfr  
  +6.982164E+01      1.396400E-02     1       +2.00      1.668502E-06    0.000000E+00    1.443335E-03    1.012000E-03    +7.295156E-03   5.115000E-03    +0.000000E+00   0.000000E+00      hfr  
  +7.503432E+01      1.500700E-02     0       +1.00      8.922439E-04    1.600000E-05    1.443134E-03    1.012000E-03    +2.960380E-03   2.076000E-03    +0.000000E+00   0.000000E+00      hfr  
  +7.731091E+01      1.546200E-02     0       +0.00      2.458464E-03    4.300000E-05    1.439872E-03    1.009000E-03    +1.157681E-03   8.120000E-04    +0.000000E+00   0.000000E+00      hfr  
  +7.782754E+01      1.556600E-02     1       +2.00      7.372254E-07    0.000000E+00    1.443335E-03    1.012000E-03    +5.411238E-05   3.800000E-05    +0.000000E+00   0.000000E+00      hfr  
  +7.911781E+01      1.582400E-02     1       +1.00      4.531721E-06    0.000000E+00    1.524952E-03    1.069000E-03    +7.186850E-03   5.039000E-03    +0.000000E+00   0.000000E+00      hfr  
  +8.004358E+01      1.600900E-02     1       +0.00      8.019110E-06    0.000000E+00    1.439628E-03    1.009000E-03    +8.076092E-04   5.660000E-04    +0.000000E+00   0.000000E+00      hfr  
  +8.238350E+01      1.647700E-02     1       +2.00      1.478819E-07    0.000000E+00    1.443335E-03    1.012000E-03    +2.151531E-04   1.510000E-04    +0.000000E+00   0.000000E+00      hfr  
  +8.396854E+01      1.679400E-02     1       +1.00      2.303354E-06    0.000000E+00    1.524952E-03    1.069000E-03    +9.132433E-03   6.403000E-03    +0.000000E+00   0.000000E+00      hfr  
  +8.439703E+01      1.687900E-02     0       +0.00      3.565593E-02    6.250000E-04    1.439872E-03    1.009000E-03    +3.173750E-03   2.225000E-03    +0.000000E+00   0.000000E+00      hfr  
  +8.555780E+01      1.711200E-02     2       +2.00      1.106300E-10    0.000000E+00    1.417782E-03    9.940000E-04    +3.309002E-03   2.320000E-03    +0.000000E+00   0.000000E+00      hfr  
  +8.597148E+01      1.719400E-02     0       +1.00      7.625257E-03    1.340000E-04    1.443134E-03    1.012000E-03    +1.946894E-03   1.365000E-03    +0.000000E+00   0.000000E+00      hfr  
  +8.935214E+01      1.787000E-02     1       +1.00      2.117486E-06    0.000000E+00    1.524952E-03    1.069000E-03    +7.482585E-03   5.246000E-03    +0.000000E+00   0.000000E+00      hfr  
  +9.126601E+01      1.825300E-02     1       +0.00      1.876059E-05    0.000000E+00    1.439628E-03    1.009000E-03    +6.423634E-03   4.504000E-03    +0.000000E+00   0.000000E+00      hfr  
  +9.233361E+01      1.846700E-02     0       +1.00      3.327078E-03    5.800000E-05    1.443134E-03    1.012000E-03    +8.266400E-03   5.796000E-03    +0.000000E+00   0.000000E+00      hfr  
  +9.371719E+01      1.874300E-02     1       +1.00      3.162249E-06    0.000000E+00    1.524952E-03    1.069000E-03    +2.685616E-03   1.883000E-03    +0.000000E+00   0.000000E+00      hfr  
  +9.488506E+01      1.897700E-02     1       +2.00      7.879185E-07    0.000000E+00    1.443335E-03    1.012000E-03    +1.317404E-03   9.240000E-04    +0.000000E+00   0.000000E+00      hfr  
  +9.512492E+01      1.902500E-02     0       +1.00      1.272132E-03    2.200000E-05    1.443134E-03    1.012000E-03    +2.192586E-03   1.537000E-03    +0.000000E+00   0.000000E+00      hfr  
  +9.811356E+01      1.962300E-02     2       +2.00      1.354490E-10    0.000000E+00    1.417782E-03    9.940000E-04    +4.981732E-03   3.493000E-03    +0.000000E+00   0.000000E+00      hfr  
  +9.916024E+01      1.983200E-02     1       +2.00      6.844546E-07    0.000000E+00    1.443335E-03    1.012000E-03    +6.595760E-04   4.620000E-04    +0.000000E+00   0.000000E+00      hfr  
  +1.002609E+02      2.005200E-02     2       +3.00      1.103930E-10    0.000000E+00    1.401289E-03    9.820000E-04    +2.719751E-03   1.907000E-03    +0.000000E+00   0.000000E+00      hfr  
  +1.031367E+02      2.062700E-02     0       +1.00      4.719744E-04    8.000000E-06    1.443134E-03    1.012000E-03    +4.113923E-03   2.884000E-03    +0.000000E+00   0.000000E+00      hfr  
  +1.045424E+02      2.090800E-02     0       +0.00      5.738518E-02    1.006000E-03    1.439872E-03    1.009000E-03    +2.528367E-03   1.773000E-03    +0.000000E+00   0.000000E+00      hfr  
  +1.051557E+02      2.103100E-02     0       +1.00      3.454282E-03    6.100000E-05    1.443134E-03    1.012000E-03    +3.655424E-03   2.563000E-03    +0.000000E+00   0.000000E+00      hfr  
  +1.053270E+02      2.106500E-02     1       +1.00      4.182853E-07    0.000000E+00    1.524952E-03    1.069000E-03    +1.437739E-03   1.008000E-03    +0.000000E+00   0.000000E+00      hfr  
  +1.059822E+02      2.119600E-02     2       +1.00      1.943200E-10    0.000000E+00    1.443134E-03    1.012000E-03    +4.226589E-03   2.963000E-03    +0.000000E+00   0.000000E+00      hfr  
  +1.132054E+02      2.264100E-02     2       +1.00      4.351930E-10    0.000000E+00    1.443134E-03    1.012000E-03    +2.531443E-03   1.775000E-03    +0.000000E+00   0.000000E+00      hfr  
  +1.146238E+02      2.292500E-02     1       +2.00      3.389887E-07    0.000000E+00    1.443335E-03    1.012000E-03    +2.244473E-03   1.574000E-03    +0.000000E+00   0.000000E+00      hfr  
  +1.169148E+02      2.338300E-02     0       +1.00      1.044019E-02    1.830000E-04    1.443134E-03    1.012000E-03    +4.326701E-04   3.030000E-04    +0.000000E+00   0.000000E+00      hfr  
  +1.182274E+02      2.364500E-02     1       +2.00      1.901017E-07    0.000000E+00    1.443335E-03    1.012000E-03    +6.394067E-03   4.483000E-03    +0.000000E+00   0.000000E+00      hfr  
  +1.195275E+02      2.390500E-02     1       +1.00      1.433608E-06    0.000000E+00    1.524952E-03    1.069000E-03    +3.909470E-03   2.741000E-03    +0.000000E+00   0.000000E+00      hfr  
  +1.196154E+02      2.392300E-02     2       +2.00      1.413430E-10    0.000000E+00    1.417782E-03    9.940000E-04    +4.743389E-03   3.326000E-03    +0.000000E+00   0.000000E+00      hfr  
  +1.201502E+02      2.403000E-02     2       +3.00      1.320150E-10    0.000000E+00    1.401289E-03    9.820000E-04    +8.909276E-06   6.000000E-06    +0.000000E+00   0.000000E+00      hfr  
  +1.208223E+02      2.416400E-02     0       +1.00      1.551040E-04    3.000000E-06    1.443134E-03    1.012000E-03    +3.328334E-03   2.333000E-03    +0.000000E+00   0.000000E+00      hfr  
  +1.209382E+02      2.418800E-02     1       +2.00      8.518842E-07    0.000000E+00    1.443335E-03    1.012000E-03    +1.688479E-03   1.184000E-03    +0.000000E+00   0.000000E+00      hfr  
  +1.220107E+02      2.440200E-02     2       +1.00      7.884120E-10    0.000000E+00    1.443134E-03    1.012000E-03    +3.188142E-03   2.235000E-03    +0.000000E+00   0.000000E+00      hfr  
  +1.226310E+02      2.452600E-02     0       +1.00      2.236422E-02    3.920000E-04    1.443134E-03    1.012000E-03    +1.544987E-03   1.083000E-03    +0.000000E+00   0.000000E+00      hfr  
  +1.246614E+02      2.493200E-02     2       +3.00      1.367610E-10    0.000000E+00    1.401289E-03    9.820000E-04    +6.284668E-04   4.410000E-04    +0.000000E+00   0.000000E+00      hfr  
  +1.296663E+02      2.593300E-02     0       +1.00      3.308966E-04    6.000000E-06    1.443134E-03    1.012000E-03    +2.287710E-03   1.604000E-03    +0.000000E+00   0.000000E+00      hfr  
  +1.307532E+02      2.615100E-02     1       +1.00      1.444737E-07    0.000000E+00    1.524952E-03    1.069000E-03    +8.540988E-04   5.990000E-04    +0.000000E+00   0.000000E+00      hfr  
  +1.317942E+02      2.635900E-02     1       +2.00      2.887228E-07    0.000000E+00    1.443335E-03    1.012000E-03    +4.550591E-03   3.190000E-03    +0.000000E+00   0.000000E+00      hfr  
  +1.335681E+02      2.671400E-02     0       +1.00      3.615008E-03    6.300000E-05    1.443134E-03    1.012000E-03    +6.746391E-04   4.730000E-04    +0.000000E+00   0.000000E+00      hfr  
  +1.345605E+02      2.691200E-02     0       +0.00      1.265873E-02    2.220000E-04    1.439872E-03    1.009000E-03    +1.473437E-02   1.033000E-02    +0.000000E+00   0.000000E+00      hfr  
  +1.357244E+02      2.714500E-02     1       +1.00      6.952374E-07    0.000000E+00    1.524952E-03    1.069000E-03    +1.111401E-03   7.790000E-04    +0.000000E+00   0.000000E+00      hfr  
  +1.364355E+02      2.728700E-02     0       +1.00      3.034964E-02    5.320000E-04    1.443134E-03    1.012000E-03    +4.937239E-03   3.461000E-03    +0.000000E+00   0.000000E+00      hfr  
  +1.372232E+02      2.744500E-02     1       +2.00      1.552670E-06    0.000000E+00    1.443335E-03    1.012000E-03    +1.017958E-02   7.137000E-03    +0.000000E+00   0.000000E+00      hfr  
  +1.379808E+02      2.759600E-02     1       +0.00      1.373142E-06    0.000000E+00    1.439628E-03    1.009000E-03    +2.918134E-03   2.046000E-03    +0.000000E+00   0.000000E+00      hfr  
  +1.380644E+02      2.761300E-02     1       +1.00      3.690093E-07    0.000000E+00    1.524952E-03    1.069000E-03    +1.958676E-03   1.373000E-03    +0.000000E+00   0.000000E+00      hfr  
  +1.384286E+02      2.768600E-02     0       +1.00      1.721354E-03    3.000000E-05    1.443134E-03    1.012000E-03    +8.396530E-04   5.890000E-04    +0.000000E+00   0.000000E+00      hfr  
  +1.398576E+02      2.797200E-02     2       +3.00      2.193170E-10    0.000000E+00    1.401289E-03    9.820000E-04    +2.752168E-04   1.930000E-04    +0.000000E+00   0.000000E+00      hfr  
  +1.412042E+02      2.824100E-02     1       +2.00      3.980973E-07    0.000000E+00    1.443335E-03    1.012000E-03    +1.143280E-02   8.016000E-03    +0.000000E+00   0.000000E+00      hfr  
  +1.422171E+02      2.844300E-02     2       +2.00      7.391340E-10    0.000000E+00    1.417782E-03    9.940000E-04    +6.673920E-03   4.679000E-03    +0.000000E+00   0.000000E+00      hfr  
  +1.443166E+02      2.886300E-02     1       +1.00      3.372662E-07    0.000000E+00    1.524952E-03    1.069000E-03    +1.684451E-03   1.181000E-03    +0.000000E+00   0.000000E+00      hfr  
  +1.448014E+02      2.896000E-02     2       +3.00      1.513550E-10    0.000000E+00    1.401289E-03    9.820000E-04    +8.515769E-04   5.970000E-04    +0.000000E+00   0.000000E+00      hfr  
  +1.459277E+02      2.918600E-02     1       +2.00      1.978646E-06    0.000000E+00    1.443335E-03    1.012000E-03    +1.016914E-02   7.130000E-03    +0.000000E+00   0.000000E+00      hfr  
  +1.478096E+02      2.956200E-02     0       +1.00      1.278195E-04    2.000000E-06    1.443134E-03    1.012000E-03    +1.070412E-02   7.505000E-03    +0.000000E+00   0.000000E+00      hfr  
  +1.490301E+02      2.980600E-02     0       +0.00      5.897153E-04    1.000000E-05    1.439872E-03    1.009000E-03    +2.188758E-03   1.535000E-03    +0.000000E+00   0.000000E+00      hfr  
  +1.496300E+02      2.992600E-02     1       +2.00      2.587901E-06    0.000000E+00    1.443335E-03    1.012000E-03    +2.562364E-03   1.796000E-03    +0.000000E+00   0.000000E+00      hfr  
