# D. Rochman  TARES version 1.8 , Villigen   , Switzerland
# Time: Wed Oct  7 10:42:31 2026
#                        
# Element                            : Cf
# Z                                  : 98
# A                                  : 242
# I                                  : 0
# Half-life                   [min. ]: 3.49 
# Data origin                        : TARES
# Formalism                          : Multi-level Breit-Wigner
# Emin (RRR)                     [eV]: 1e-5  
# Emax (RRR)                     [eV]: 7.756422E+01 
# Emax2 (background)             [eV]: 2.000000E+02 
# Number of resonances (<Emax)       : 99
# Number of resonances (<Emax2)      : 100
# Thermal (n,g) xs (systematics) [b.]: 1.031280E+02 
# Ress Int. (n,g) (systematics)  [b.]: 2.381100E+02 
# MACS 30 keV (calculated)       [b.]: 2.176800E+00
# Westcott factor (calculated)       : 1.909740E+00
#
# Thermal (n,el) xs (systema.)   [b.]: 6.490400E+00 
# Res. Int (n,el) (calculated)   [b.]: 6.335950E+01 
#
# Thermal  (n,f) xs              [b.]: 1.966640E+00 (Syst.) 
# Resonance Integral (n,f) xs    [b.]: 1.610110E+00
#
# Scattering radius              [fm]: 8.26 +/- 0.58 
#
# Average Gtotal   l=0           [eV]: 1.214730E-02 
# Average reduced (Gn^0) Gn l=0  [eV]: 1.435130E-04 
# Average Gg       l=0           [eV]: 1.120130E-02 
# Average level spacing D0 (l=0) [eV]: 2.216120E+00 
# Neutron strength function S0 (l=0) : 6.660890E-05 
#
# Average Gtotal   l=1           [eV]: 1.134380E-02 
# Average reduced (Gn^1) Gn l=1  [eV]: 5.239150E-04 
# Average Gg       l=1           [eV]: 1.123990E-02 
# Average level spacing D1 (l=1) [eV]: 1.436370E+00 
# Neutron strength function S1 (l=1) : 1.946140E-04 
#
#
#
#          
#   Energy (eV)     +/- DE (eV)       l         J          Gn (eV)       +/- DGn (eV)       Gg (eV)      +/- DGg (eV)       Gf1 (eV)     +/- DGf1 (eV)       Gf2 (eV)     +/- DGf2 (eV)    Origin  
#<---------------><---------------><-----><-----------><--------------><--------------><--------------><--------------><--------------><--------------><---------------><--------------><---------->
  -5.689081E+00      1.138000E-03     0       +0.50      1.531943E-03    2.200000E-05    1.120127E-02    6.306000E-03    +2.787315E-05   1.600000E-05    +0.000000E+00   0.000000E+00      hfr  
  -4.962748E+00      9.930000E-04     1       +0.50      2.171298E-08    0.000000E+00    1.129777E-02    6.360000E-03    +7.389455E-05   4.200000E-05    +0.000000E+00   0.000000E+00      hfr  
  -3.153391E+00      6.310000E-04     1       +0.50      5.077825E-08    0.000000E+00    1.129777E-02    6.360000E-03    +2.196230E-04   1.240000E-04    +0.000000E+00   0.000000E+00      hfr  
  -3.043268E+00      6.090000E-04     0       +0.50      9.576186E-05    1.000000E-06    1.120127E-02    6.306000E-03    +1.243516E-04   7.000000E-05    +0.000000E+00   0.000000E+00      hfr  
  -1.525339E+00      3.050000E-04     0       +0.50      1.877052E-05    0.000000E+00    1.120127E-02    6.306000E-03    +1.600763E-04   9.000000E-05    +0.000000E+00   0.000000E+00      hfr  
  -1.406153E+00      2.810000E-04     1       +1.50      1.359791E-08    0.000000E+00    1.120411E-02    6.308000E-03    +4.382916E-06   2.000000E-06    +0.000000E+00   0.000000E+00      hfr  
  -1.139948E+00      2.280000E-04     1       +1.50      8.992780E-10    0.000000E+00    1.120411E-02    6.308000E-03    +7.745329E-05   4.400000E-05    +0.000000E+00   0.000000E+00      hfr  
  -9.980872E-01      2.000000E-04     1       +0.50      1.048224E-09    0.000000E+00    1.129777E-02    6.360000E-03    +1.891428E-04   1.060000E-04    +0.000000E+00   0.000000E+00      hfr  
  -8.301795E-01      1.660000E-04     1       +1.50      1.687500E-10    0.000000E+00    1.120411E-02    6.308000E-03    +5.890397E-05   3.300000E-05    +0.000000E+00   0.000000E+00      hfr  
  +2.103964E-01      4.200000E-05     0       +0.50      3.437070E-05    0.000000E+00    1.120127E-02    6.306000E-03    +2.163335E-04   1.220000E-04    +0.000000E+00   0.000000E+00      hfr  
  +4.298187E+00      8.600000E-04     0       +0.50      6.599158E-05    1.000000E-06    1.120127E-02    6.306000E-03    +3.466860E-04   1.950000E-04    +0.000000E+00   0.000000E+00      hfr  
  +5.474169E+00      1.095000E-03     0       +0.50      1.462417E-04    2.000000E-06    1.120127E-02    6.306000E-03    +1.104088E-04   6.200000E-05    +0.000000E+00   0.000000E+00      hfr  
  +7.056062E+00      1.411000E-03     0       +0.50      1.408529E-04    2.000000E-06    1.120127E-02    6.306000E-03    +1.503324E-04   8.500000E-05    +0.000000E+00   0.000000E+00      hfr  
  +8.081208E+00      1.616000E-03     0       +0.50      8.026865E-05    1.000000E-06    1.120127E-02    6.306000E-03    +2.017268E-04   1.140000E-04    +0.000000E+00   0.000000E+00      hfr  
  +8.919695E+00      1.784000E-03     0       +0.50      4.052340E-06    0.000000E+00    1.120127E-02    6.306000E-03    +5.965367E-05   3.400000E-05    +0.000000E+00   0.000000E+00      hfr  
  +1.026766E+01      2.054000E-03     0       +0.50      4.257869E-04    6.000000E-06    1.120127E-02    6.306000E-03    +5.054011E-07   0.000000E+00    +0.000000E+00   0.000000E+00      hfr  
  +1.241465E+01      2.483000E-03     0       +0.50      6.981445E-04    1.000000E-05    1.120127E-02    6.306000E-03    +1.427824E-04   8.000000E-05    +0.000000E+00   0.000000E+00      hfr  
  +1.325630E+01      2.651000E-03     1       +0.50      2.148394E-07    0.000000E+00    1.129777E-02    6.360000E-03    +2.091422E-04   1.180000E-04    +0.000000E+00   0.000000E+00      hfr  
  +1.366456E+01      2.733000E-03     0       +0.50      1.729234E-03    2.400000E-05    1.120127E-02    6.306000E-03    +3.433719E-05   1.900000E-05    +0.000000E+00   0.000000E+00      hfr  
  +1.561661E+01      3.123000E-03     1       +0.50      1.274277E-07    0.000000E+00    1.129777E-02    6.360000E-03    +8.883886E-05   5.000000E-05    +0.000000E+00   0.000000E+00      hfr  
  +1.584549E+01      3.169000E-03     0       +0.50      1.779429E-04    3.000000E-06    1.120127E-02    6.306000E-03    +4.496252E-05   2.500000E-05    +0.000000E+00   0.000000E+00      hfr  
  +1.783209E+01      3.566000E-03     1       +1.50      7.141895E-08    0.000000E+00    1.120411E-02    6.308000E-03    +1.036449E-04   5.800000E-05    +0.000000E+00   0.000000E+00      hfr  
  +1.966205E+01      3.932000E-03     0       +0.50      2.306537E-03    3.200000E-05    1.120127E-02    6.306000E-03    +4.073659E-05   2.300000E-05    +0.000000E+00   0.000000E+00      hfr  
  +2.072188E+01      4.144000E-03     1       +1.50      7.395180E-08    0.000000E+00    1.120411E-02    6.308000E-03    +2.053174E-05   1.200000E-05    +0.000000E+00   0.000000E+00      hfr  
  +2.190196E+01      4.380000E-03     0       +0.50      2.261960E-04    3.000000E-06    1.120127E-02    6.306000E-03    +6.454995E-05   3.600000E-05    +0.000000E+00   0.000000E+00      hfr  
  +2.307902E+01      4.616000E-03     1       +0.50      4.061223E-07    0.000000E+00    1.129777E-02    6.360000E-03    +1.760746E-05   1.000000E-05    +0.000000E+00   0.000000E+00      hfr  
  +2.325352E+01      4.651000E-03     1       +1.50      1.988027E-07    0.000000E+00    1.120411E-02    6.308000E-03    +1.216122E-06   1.000000E-06    +0.000000E+00   0.000000E+00      hfr  
  +2.366297E+01      4.733000E-03     0       +0.50      1.034056E-04    1.000000E-06    1.120127E-02    6.306000E-03    +7.003672E-05   3.900000E-05    +0.000000E+00   0.000000E+00      hfr  
  +2.475643E+01      4.951000E-03     1       +1.50      7.110012E-08    0.000000E+00    1.120411E-02    6.308000E-03    +5.653482E-05   3.200000E-05    +0.000000E+00   0.000000E+00      hfr  
  +2.515180E+01      5.030000E-03     1       +0.50      7.913339E-08    0.000000E+00    1.129777E-02    6.360000E-03    +8.707893E-06   5.000000E-06    +0.000000E+00   0.000000E+00      hfr  
  +2.592807E+01      5.186000E-03     1       +0.50      1.815800E-07    0.000000E+00    1.129777E-02    6.360000E-03    +5.506773E-05   3.100000E-05    +0.000000E+00   0.000000E+00      hfr  
  +2.606059E+01      5.212000E-03     0       +0.50      1.013881E-04    1.000000E-06    1.120127E-02    6.306000E-03    +2.996668E-04   1.690000E-04    +0.000000E+00   0.000000E+00      hfr  
  +2.827990E+01      5.656000E-03     0       +0.50      5.172745E-04    7.000000E-06    1.120127E-02    6.306000E-03    +1.731749E-04   9.700000E-05    +0.000000E+00   0.000000E+00      hfr  
  +2.964372E+01      5.929000E-03     1       +1.50      7.885205E-07    0.000000E+00    1.120411E-02    6.308000E-03    +1.677979E-05   9.000000E-06    +0.000000E+00   0.000000E+00      hfr  
  +3.094765E+01      6.190000E-03     1       +1.50      3.783583E-07    0.000000E+00    1.120411E-02    6.308000E-03    +2.862357E-05   1.600000E-05    +0.000000E+00   0.000000E+00      hfr  
  +3.158341E+01      6.317000E-03     1       +0.50      6.054904E-08    0.000000E+00    1.129777E-02    6.360000E-03    +5.621785E-04   3.160000E-04    +0.000000E+00   0.000000E+00      hfr  
  +3.245307E+01      6.491000E-03     0       +0.50      5.695833E-03    8.000000E-05    1.120127E-02    6.306000E-03    +3.145239E-05   1.800000E-05    +0.000000E+00   0.000000E+00      hfr  
  +3.376306E+01      6.753000E-03     0       +0.50      2.205563E-04    3.000000E-06    1.120127E-02    6.306000E-03    +1.300325E-04   7.300000E-05    +0.000000E+00   0.000000E+00      hfr  
  +3.647647E+01      7.295000E-03     1       +1.50      5.955633E-07    0.000000E+00    1.120411E-02    6.308000E-03    +5.228402E-05   2.900000E-05    +0.000000E+00   0.000000E+00      hfr  
  +3.657958E+01      7.316000E-03     1       +0.50      6.727108E-08    0.000000E+00    1.129777E-02    6.360000E-03    +3.459162E-05   1.900000E-05    +0.000000E+00   0.000000E+00      hfr  
  +3.702477E+01      7.405000E-03     1       +1.50      8.216300E-08    0.000000E+00    1.120411E-02    6.308000E-03    +2.834795E-05   1.600000E-05    +0.000000E+00   0.000000E+00      hfr  
  +3.827669E+01      7.655000E-03     0       +0.50      3.707703E-06    0.000000E+00    1.120127E-02    6.306000E-03    +6.736007E-05   3.800000E-05    +0.000000E+00   0.000000E+00      hfr  
  +3.878367E+01      7.757000E-03     1       +1.50      4.002698E-07    0.000000E+00    1.120411E-02    6.308000E-03    +5.401044E-05   3.000000E-05    +0.000000E+00   0.000000E+00      hfr  
  +3.888111E+01      7.776000E-03     0       +0.50      1.886869E-03    2.700000E-05    1.120127E-02    6.306000E-03    +4.617652E-05   2.600000E-05    +0.000000E+00   0.000000E+00      hfr  
  +3.940055E+01      7.880000E-03     0       +0.50      1.037713E-06    0.000000E+00    1.120127E-02    6.306000E-03    +3.756713E-05   2.100000E-05    +0.000000E+00   0.000000E+00      hfr  
  +3.989555E+01      7.979000E-03     1       +0.50      3.123610E-07    0.000000E+00    1.129777E-02    6.360000E-03    +2.006567E-04   1.130000E-04    +0.000000E+00   0.000000E+00      hfr  
  +4.108659E+01      8.217000E-03     1       +1.50      5.109961E-07    0.000000E+00    1.120411E-02    6.308000E-03    +1.377754E-05   8.000000E-06    +0.000000E+00   0.000000E+00      hfr  
  +4.188079E+01      8.376000E-03     1       +1.50      2.311157E-07    0.000000E+00    1.120411E-02    6.308000E-03    +1.638501E-04   9.200000E-05    +0.000000E+00   0.000000E+00      hfr  
  +4.254404E+01      8.509000E-03     1       +0.50      5.144269E-07    0.000000E+00    1.129777E-02    6.360000E-03    +2.211540E-05   1.200000E-05    +0.000000E+00   0.000000E+00      hfr  
  +4.277991E+01      8.556000E-03     1       +1.50      4.701533E-07    0.000000E+00    1.120411E-02    6.308000E-03    +2.516221E-05   1.400000E-05    +0.000000E+00   0.000000E+00      hfr  
  +4.345127E+01      8.690000E-03     1       +1.50      1.156545E-06    0.000000E+00    1.120411E-02    6.308000E-03    +1.024356E-05   6.000000E-06    +0.000000E+00   0.000000E+00      hfr  
  +4.365022E+01      8.730000E-03     0       +0.50      1.065534E-03    1.500000E-05    1.120127E-02    6.306000E-03    +2.567653E-04   1.450000E-04    +0.000000E+00   0.000000E+00      hfr  
  +4.389752E+01      8.780000E-03     1       +0.50      1.191140E-06    0.000000E+00    1.129777E-02    6.360000E-03    +2.843743E-05   1.600000E-05    +0.000000E+00   0.000000E+00      hfr  
  +4.460694E+01      8.921000E-03     1       +1.50      1.331737E-07    0.000000E+00    1.120411E-02    6.308000E-03    +1.545174E-04   8.700000E-05    +0.000000E+00   0.000000E+00      hfr  
  +4.507562E+01      9.015000E-03     0       +0.50      1.074416E-03    1.500000E-05    1.120127E-02    6.306000E-03    +1.998133E-06   1.000000E-06    +0.000000E+00   0.000000E+00      hfr  
  +4.542904E+01      9.086000E-03     1       +1.50      1.470004E-07    0.000000E+00    1.120411E-02    6.308000E-03    +1.499899E-05   8.000000E-06    +0.000000E+00   0.000000E+00      hfr  
  +4.653252E+01      9.307000E-03     1       +1.50      1.137574E-06    0.000000E+00    1.120411E-02    6.308000E-03    +3.161363E-04   1.780000E-04    +0.000000E+00   0.000000E+00      hfr  
  +4.804113E+01      9.608000E-03     1       +0.50      6.288246E-08    0.000000E+00    1.129777E-02    6.360000E-03    +8.221997E-05   4.600000E-05    +0.000000E+00   0.000000E+00      hfr  
  +4.905591E+01      9.811000E-03     1       +0.50      1.525130E-07    0.000000E+00    1.129777E-02    6.360000E-03    +3.288595E-05   1.900000E-05    +0.000000E+00   0.000000E+00      hfr  
  +4.928529E+01      9.857000E-03     0       +0.50      1.684277E-04    2.000000E-06    1.120127E-02    6.306000E-03    +1.575179E-05   9.000000E-06    +0.000000E+00   0.000000E+00      hfr  
  +4.957940E+01      9.916000E-03     1       +1.50      1.200491E-06    0.000000E+00    1.120411E-02    6.308000E-03    +1.038753E-04   5.800000E-05    +0.000000E+00   0.000000E+00      hfr  
  +5.151713E+01      1.030300E-02     1       +1.50      2.445299E-07    0.000000E+00    1.120411E-02    6.308000E-03    +2.909487E-04   1.640000E-04    +0.000000E+00   0.000000E+00      hfr  
  +5.167752E+01      1.033600E-02     0       +0.50      2.537604E-03    3.600000E-05    1.120127E-02    6.306000E-03    +1.034874E-04   5.800000E-05    +0.000000E+00   0.000000E+00      hfr  
  +5.265285E+01      1.053100E-02     1       +1.50      5.761512E-07    0.000000E+00    1.120411E-02    6.308000E-03    +1.109525E-04   6.200000E-05    +0.000000E+00   0.000000E+00      hfr  
  +5.364405E+01      1.072900E-02     1       +1.50      8.749127E-07    0.000000E+00    1.120411E-02    6.308000E-03    +1.918032E-05   1.100000E-05    +0.000000E+00   0.000000E+00      hfr  
  +5.567919E+01      1.113600E-02     1       +0.50      2.265038E-06    0.000000E+00    1.129777E-02    6.360000E-03    +1.042049E-04   5.900000E-05    +0.000000E+00   0.000000E+00      hfr  
  +5.597097E+01      1.119400E-02     0       +0.50      3.041151E-03    4.300000E-05    1.120127E-02    6.306000E-03    +5.263094E-05   3.000000E-05    +0.000000E+00   0.000000E+00      hfr  
  +5.635073E+01      1.127000E-02     1       +1.50      1.797339E-06    0.000000E+00    1.120411E-02    6.308000E-03    +1.900345E-04   1.070000E-04    +0.000000E+00   0.000000E+00      hfr  
  +5.793271E+01      1.158700E-02     1       +0.50      3.681905E-07    0.000000E+00    1.129777E-02    6.360000E-03    +5.383338E-05   3.000000E-05    +0.000000E+00   0.000000E+00      hfr  
  +5.818125E+01      1.163600E-02     0       +0.50      2.250412E-04    3.000000E-06    1.120127E-02    6.306000E-03    +4.257190E-04   2.400000E-04    +0.000000E+00   0.000000E+00      hfr  
  +5.837158E+01      1.167400E-02     1       +0.50      1.234510E-06    0.000000E+00    1.129777E-02    6.360000E-03    +3.779623E-06   2.000000E-06    +0.000000E+00   0.000000E+00      hfr  
  +5.917081E+01      1.183400E-02     1       +1.50      1.136429E-07    0.000000E+00    1.120411E-02    6.308000E-03    +4.105600E-06   2.000000E-06    +0.000000E+00   0.000000E+00      hfr  
  +5.964086E+01      1.192800E-02     0       +0.50      1.380855E-04    2.000000E-06    1.120127E-02    6.306000E-03    +6.954433E-06   4.000000E-06    +0.000000E+00   0.000000E+00      hfr  
  +6.048392E+01      1.209700E-02     0       +0.50      1.337187E-05    0.000000E+00    1.120127E-02    6.306000E-03    +4.896548E-05   2.800000E-05    +0.000000E+00   0.000000E+00      hfr  
  +6.054403E+01      1.210900E-02     1       +1.50      9.960092E-08    0.000000E+00    1.120411E-02    6.308000E-03    +1.734681E-04   9.800000E-05    +0.000000E+00   0.000000E+00      hfr  
  +6.146490E+01      1.229300E-02     1       +0.50      6.368131E-08    0.000000E+00    1.129777E-02    6.360000E-03    +2.425882E-05   1.400000E-05    +0.000000E+00   0.000000E+00      hfr  
  +6.165607E+01      1.233100E-02     1       +1.50      1.429514E-06    0.000000E+00    1.120411E-02    6.308000E-03    +2.003046E-04   1.130000E-04    +0.000000E+00   0.000000E+00      hfr  
  +6.175889E+01      1.235200E-02     0       +0.50      1.657873E-03    2.300000E-05    1.120127E-02    6.306000E-03    +2.503218E-05   1.400000E-05    +0.000000E+00   0.000000E+00      hfr  
  +6.237449E+01      1.247500E-02     0       +0.50      2.665370E-04    4.000000E-06    1.120127E-02    6.306000E-03    +6.752046E-05   3.800000E-05    +0.000000E+00   0.000000E+00      hfr  
  +6.367980E+01      1.273600E-02     1       +1.50      3.518489E-07    0.000000E+00    1.120411E-02    6.308000E-03    +2.490361E-04   1.400000E-04    +0.000000E+00   0.000000E+00      hfr  
  +6.520826E+01      1.304200E-02     1       +0.50      1.359085E-07    0.000000E+00    1.129777E-02    6.360000E-03    +7.753023E-05   4.400000E-05    +0.000000E+00   0.000000E+00      hfr  
  +6.554762E+01      1.311000E-02     1       +1.50      2.862080E-06    0.000000E+00    1.120411E-02    6.308000E-03    +2.708487E-05   1.500000E-05    +0.000000E+00   0.000000E+00      hfr  
  +6.582349E+01      1.316500E-02     1       +1.50      5.703437E-08    0.000000E+00    1.120411E-02    6.308000E-03    +6.522308E-05   3.700000E-05    +0.000000E+00   0.000000E+00      hfr  
  +6.700314E+01      1.340100E-02     0       +0.50      1.540097E-03    2.200000E-05    1.120127E-02    6.306000E-03    +5.583461E-05   3.100000E-05    +0.000000E+00   0.000000E+00      hfr  
  +6.753636E+01      1.350700E-02     1       +1.50      9.165500E-08    0.000000E+00    1.120411E-02    6.308000E-03    +6.629976E-05   3.700000E-05    +0.000000E+00   0.000000E+00      hfr  
  +6.813828E+01      1.362800E-02     1       +0.50      4.169074E-06    0.000000E+00    1.129777E-02    6.360000E-03    +3.819870E-04   2.150000E-04    +0.000000E+00   0.000000E+00      hfr  
  +6.822370E+01      1.364500E-02     0       +0.50      1.493527E-03    2.100000E-05    1.120127E-02    6.306000E-03    +1.790283E-04   1.010000E-04    +0.000000E+00   0.000000E+00      hfr  
  +6.919686E+01      1.383900E-02     0       +0.50      3.555376E-04    5.000000E-06    1.120127E-02    6.306000E-03    +8.727179E-05   4.900000E-05    +0.000000E+00   0.000000E+00      hfr  
  +6.981394E+01      1.396300E-02     1       +1.50      3.517241E-07    0.000000E+00    1.120411E-02    6.308000E-03    +1.244295E-04   7.000000E-05    +0.000000E+00   0.000000E+00      hfr  
  +7.066253E+01      1.413300E-02     1       +0.50      4.175685E-07    0.000000E+00    1.129777E-02    6.360000E-03    +1.224778E-04   6.900000E-05    +0.000000E+00   0.000000E+00      hfr  
  +7.106058E+01      1.421200E-02     1       +1.50      2.775090E-07    0.000000E+00    1.120411E-02    6.308000E-03    +2.567195E-04   1.450000E-04    +0.000000E+00   0.000000E+00      hfr  
  +7.190259E+01      1.438100E-02     1       +0.50      8.875788E-07    0.000000E+00    1.129777E-02    6.360000E-03    +5.061577E-05   2.800000E-05    +0.000000E+00   0.000000E+00      hfr  
  +7.193817E+01      1.438800E-02     0       +0.50      1.148726E-03    1.600000E-05    1.120127E-02    6.306000E-03    +9.567125E-05   5.400000E-05    +0.000000E+00   0.000000E+00      hfr  
  +7.254216E+01      1.450800E-02     1       +1.50      5.788987E-08    0.000000E+00    1.120411E-02    6.308000E-03    +2.234009E-04   1.260000E-04    +0.000000E+00   0.000000E+00      hfr  
  +7.373495E+01      1.474700E-02     1       +1.50      9.804759E-08    0.000000E+00    1.120411E-02    6.308000E-03    +1.190213E-05   7.000000E-06    +0.000000E+00   0.000000E+00      hfr  
  +7.502749E+01      1.500500E-02     1       +1.50      8.422588E-07    0.000000E+00    1.120411E-02    6.308000E-03    +1.972673E-04   1.110000E-04    +0.000000E+00   0.000000E+00      hfr  
  +7.521616E+01      1.504300E-02     0       +0.50      3.189437E-05    0.000000E+00    1.120127E-02    6.306000E-03    +2.754515E-04   1.550000E-04    +0.000000E+00   0.000000E+00      hfr  
  +7.709850E+01      1.542000E-02     1       +1.50      2.681885E-07    0.000000E+00    1.120411E-02    6.308000E-03    +1.354173E-04   7.600000E-05    +0.000000E+00   0.000000E+00      hfr  
  +7.736197E+01      1.547200E-02     1       +0.50      4.378572E-07    0.000000E+00    1.129777E-02    6.360000E-03    +1.455894E-05   8.000000E-06    +0.000000E+00   0.000000E+00      hfr  
  +7.756422E+01      1.551300E-02     0       +0.50      6.479847E-04    9.000000E-06    1.120127E-02    6.306000E-03    +1.203853E-04   6.800000E-05    +0.000000E+00   0.000000E+00      hfr  
